QueryId System Rank Precision Recall
1 PSR 1 0 0
1 PSR 2 0 0
1 PSR 3 0 0
1 PSR 4 0.25 0.2
1 PSR 5 0.2 0.2
1 PSR 6 0.16 0.2
1 PSR 7 0.14 0.2
1 PSR 8 0.12 0.2
1 PSR 9 0.11 0.2
1 PSR 10 0.1 0.2
1 PSR 11 0.09 0.2
1 PSR 12 0.08 0.2
1 PSR 13 0.07 0.2
1 PSR 14 0.07 0.2
1 PSR 15 0.06 0.2
1 PSR 16 0.06 0.2
1 PSR 17 0.05 0.2
1 PSR 18 0.05 0.2
1 PSR 19 0.05 0.2
1 PSR 20 0.05 0.2
1 PSR 21 0.04 0.2
1 PSR 22 0.04 0.2
1 PSR 23 0.04 0.2
1 PSR 24 0.04 0.2
1 PSR 25 0.04 0.2
1 PSR 26 0.03 0.2
1 PSR 27 0.03 0.2
1 PSR 28 0.03 0.2
1 PSR 29 0.03 0.2
1 PSR 30 0.03 0.2
1 PSR 31 0.03 0.2
1 PSR 32 0.03 0.2
1 PSR 33 0.03 0.2
1 PSR 34 0.02 0.2
1 PSR 35 0.02 0.2
1 PSR 36 0.02 0.2
1 PSR 37 0.02 0.2
1 PSR 38 0.02 0.2
1 PSR 39 0.02 0.2
1 PSR 40 0.02 0.2
1 PSR 41 0.02 0.2
1 PSR 42 0.02 0.2
1 PSR 43 0.02 0.2
1 PSR 44 0.02 0.2
1 PSR 45 0.02 0.2
1 PSR 46 0.02 0.2
1 PSR 47 0.02 0.2
1 PSR 48 0.02 0.2
1 PSR 49 0.02 0.2
1 PSR 50 0.02 0.2
1 PSR 51 0.01 0.2
1 PSR 52 0.01 0.2
1 PSR 53 0.01 0.2
1 PSR 54 0.01 0.2
1 PSR 55 0.01 0.2
1 PSR 56 0.01 0.2
1 PSR 57 0.01 0.2
1 PSR 58 0.01 0.2
1 PSR 59 0.01 0.2
1 PSR 60 0.01 0.2
1 PSR 61 0.01 0.2
1 PSR 62 0.01 0.2
1 PSR 63 0.01 0.2
1 PSR 64 0.01 0.2
1 PSR 65 0.01 0.2
1 PSR 66 0.01 0.2
1 PSR 67 0.01 0.2
1 PSR 68 0.01 0.2
1 PSR 69 0.01 0.2
1 PSR 70 0.01 0.2
1 PSR 71 0.01 0.2
1 PSR 72 0.01 0.2
1 PSR 73 0.01 0.2
1 PSR 74 0.01 0.2
1 PSR 75 0.01 0.2
1 PSR 76 0.01 0.2
1 PSR 77 0.01 0.2
1 PSR 78 0.01 0.2
1 PSR 79 0.01 0.2
1 PSR 80 0.01 0.2
1 PSR 81 0.01 0.2
1 PSR 82 0.01 0.2
1 PSR 83 0.01 0.2
1 PSR 84 0.01 0.2
1 PSR 85 0.01 0.2
1 PSR 86 0.01 0.2
1 PSR 87 0.01 0.2
1 PSR 88 0.01 0.2
1 PSR 89 0.01 0.2
1 PSR 90 0.01 0.2
1 PSR 91 0.01 0.2
1 PSR 92 0.01 0.2
1 PSR 93 0.01 0.2
1 PSR 94 0.01 0.2
1 PSR 95 0.01 0.2
1 PSR 96 0.01 0.2
1 PSR 97 0.01 0.2
1 PSR 98 0.01 0.2
1 PSR 99 0.01 0.2
1 PSR 100 0.01 0.2
2 PSR 1 0 0
2 PSR 2 0 0
2 PSR 3 0 0
2 PSR 4 0 0
2 PSR 5 0 0
2 PSR 6 0 0
2 PSR 7 0 0
2 PSR 8 0 0
2 PSR 9 0 0
2 PSR 10 0 0
2 PSR 11 0 0
2 PSR 12 0 0
2 PSR 13 0 0
2 PSR 14 0 0
2 PSR 15 0 0
2 PSR 16 0 0
2 PSR 17 0 0
2 PSR 18 0 0
2 PSR 19 0 0
2 PSR 20 0 0
2 PSR 21 0 0
2 PSR 22 0 0
2 PSR 23 0 0
2 PSR 24 0 0
2 PSR 25 0 0
2 PSR 26 0 0
2 PSR 27 0 0
2 PSR 28 0 0
2 PSR 29 0 0
2 PSR 30 0 0
2 PSR 31 0 0
2 PSR 32 0 0
2 PSR 33 0 0
2 PSR 34 0 0
2 PSR 35 0 0
2 PSR 36 0 0
2 PSR 37 0 0
2 PSR 38 0 0
2 PSR 39 0 0
2 PSR 40 0 0
2 PSR 41 0 0
2 PSR 42 0 0
2 PSR 43 0 0
2 PSR 44 0 0
2 PSR 45 0 0
2 PSR 46 0 0
2 PSR 47 0 0
2 PSR 48 0 0
2 PSR 49 0 0
2 PSR 50 0 0
2 PSR 51 0 0
2 PSR 52 0 0
2 PSR 53 0 0
2 PSR 54 0 0
2 PSR 55 0 0
2 PSR 56 0 0
2 PSR 57 0 0
2 PSR 58 0 0
2 PSR 59 0 0
2 PSR 60 0 0
2 PSR 61 0 0
2 PSR 62 0 0
2 PSR 63 0 0
2 PSR 64 0 0
2 PSR 65 0 0
2 PSR 66 0 0
2 PSR 67 0 0
2 PSR 68 0 0
2 PSR 69 0 0
2 PSR 70 0 0
2 PSR 71 0 0
2 PSR 72 0 0
2 PSR 73 0 0
2 PSR 74 0 0
2 PSR 75 0 0
2 PSR 76 0 0
2 PSR 77 0 0
2 PSR 78 0 0
2 PSR 79 0 0
2 PSR 80 0 0
2 PSR 81 0 0
2 PSR 82 0 0
2 PSR 83 0 0
2 PSR 84 0 0
2 PSR 85 0 0
2 PSR 86 0 0
2 PSR 87 0 0
2 PSR 88 0 0
2 PSR 89 0 0
2 PSR 90 0 0
2 PSR 91 0 0
2 PSR 92 0 0
2 PSR 93 0 0
2 PSR 94 0 0
2 PSR 95 0 0
2 PSR 96 0 0
2 PSR 97 0 0
2 PSR 98 0 0
2 PSR 99 0 0
2 PSR 100 0 0
3 PSR 1 0 0
3 PSR 2 0 0
3 PSR 3 0 0
3 PSR 4 0 0
3 PSR 5 0 0
3 PSR 6 0 0
3 PSR 7 0 0
3 PSR 8 0 0
3 PSR 9 0 0
3 PSR 10 0 0
3 PSR 11 0 0
3 PSR 12 0 0
3 PSR 13 0 0
3 PSR 14 0 0
3 PSR 15 0 0
3 PSR 16 0 0
3 PSR 17 0 0
3 PSR 18 0 0
3 PSR 19 0 0
3 PSR 20 0 0
3 PSR 21 0 0
3 PSR 22 0 0
3 PSR 23 0 0
3 PSR 24 0 0
3 PSR 25 0 0
3 PSR 26 0 0
3 PSR 27 0 0
3 PSR 28 0 0
3 PSR 29 0 0
3 PSR 30 0 0
3 PSR 31 0 0
3 PSR 32 0 0
3 PSR 33 0 0
3 PSR 34 0 0
3 PSR 35 0 0
3 PSR 36 0 0
3 PSR 37 0 0
3 PSR 38 0 0
3 PSR 39 0 0
3 PSR 40 0 0
3 PSR 41 0 0
3 PSR 42 0 0
3 PSR 43 0 0
3 PSR 44 0 0
3 PSR 45 0 0
3 PSR 46 0 0
3 PSR 47 0 0
3 PSR 48 0 0
3 PSR 49 0 0
3 PSR 50 0 0
3 PSR 51 0 0
3 PSR 52 0 0
3 PSR 53 0 0
3 PSR 54 0 0
3 PSR 55 0 0
3 PSR 56 0 0
3 PSR 57 0 0
3 PSR 58 0 0
3 PSR 59 0 0
3 PSR 60 0 0
3 PSR 61 0 0
3 PSR 62 0 0
3 PSR 63 0 0
3 PSR 64 0 0
3 PSR 65 0 0
3 PSR 66 0 0
3 PSR 67 0 0
3 PSR 68 0 0
3 PSR 69 0 0
3 PSR 70 0 0
3 PSR 71 0 0
3 PSR 72 0 0
3 PSR 73 0 0
3 PSR 74 0 0
3 PSR 75 0 0
3 PSR 76 0 0
3 PSR 77 0 0
3 PSR 78 0 0
3 PSR 79 0 0
3 PSR 80 0 0
3 PSR 81 0 0
3 PSR 82 0 0
3 PSR 83 0 0
3 PSR 84 0 0
3 PSR 85 0 0
3 PSR 86 0 0
3 PSR 87 0 0
3 PSR 88 0 0
3 PSR 89 0 0
3 PSR 90 0 0
3 PSR 91 0 0
3 PSR 92 0 0
3 PSR 93 0 0
3 PSR 94 0 0
3 PSR 95 0 0
3 PSR 96 0 0
3 PSR 97 0 0
3 PSR 98 0 0
3 PSR 99 0 0
3 PSR 100 0 0
4 PSR 1 0 0
4 PSR 2 0 0
4 PSR 3 0 0
4 PSR 4 0 0
4 PSR 5 0 0
4 PSR 6 0 0
4 PSR 7 0 0
4 PSR 8 0 0
4 PSR 9 0 0
4 PSR 10 0 0
4 PSR 11 0 0
4 PSR 12 0 0
4 PSR 13 0 0
4 PSR 14 0 0
4 PSR 15 0 0
4 PSR 16 0 0
4 PSR 17 0 0
4 PSR 18 0 0
4 PSR 19 0 0
4 PSR 20 0 0
4 PSR 21 0 0
4 PSR 22 0 0
4 PSR 23 0 0
4 PSR 24 0 0
4 PSR 25 0 0
4 PSR 26 0 0
4 PSR 27 0 0
4 PSR 28 0 0
4 PSR 29 0 0
4 PSR 30 0 0
4 PSR 31 0 0
4 PSR 32 0 0
4 PSR 33 0 0
4 PSR 34 0 0
4 PSR 35 0 0
4 PSR 36 0 0
4 PSR 37 0 0
4 PSR 38 0 0
4 PSR 39 0 0
4 PSR 40 0 0
4 PSR 41 0 0
4 PSR 42 0 0
4 PSR 43 0 0
4 PSR 44 0 0
4 PSR 45 0 0
4 PSR 46 0 0
4 PSR 47 0 0
4 PSR 48 0 0
4 PSR 49 0 0
4 PSR 50 0 0
4 PSR 51 0 0
4 PSR 52 0 0
4 PSR 53 0 0
4 PSR 54 0 0
4 PSR 55 0 0
4 PSR 56 0 0
4 PSR 57 0 0
4 PSR 58 0 0
4 PSR 59 0 0
4 PSR 60 0 0
4 PSR 61 0 0
4 PSR 62 0 0
4 PSR 63 0 0
4 PSR 64 0 0
4 PSR 65 0 0
4 PSR 66 0 0
4 PSR 67 0 0
4 PSR 68 0 0
4 PSR 69 0 0
4 PSR 70 0 0
4 PSR 71 0 0
4 PSR 72 0 0
4 PSR 73 0 0
4 PSR 74 0 0
4 PSR 75 0 0
4 PSR 76 0 0
4 PSR 77 0 0
4 PSR 78 0 0
4 PSR 79 0 0
4 PSR 80 0 0
4 PSR 81 0 0
4 PSR 82 0 0
4 PSR 83 0 0
4 PSR 84 0 0
4 PSR 85 0 0
4 PSR 86 0 0
4 PSR 87 0 0
4 PSR 88 0 0
4 PSR 89 0 0
4 PSR 90 0 0
4 PSR 91 0 0
4 PSR 92 0 0
4 PSR 93 0 0
4 PSR 94 0 0
4 PSR 95 0 0
4 PSR 96 0 0
4 PSR 97 0 0
4 PSR 98 0 0
4 PSR 99 0 0
4 PSR 100 0 0
5 PSR 1 0 0
5 PSR 2 0 0
5 PSR 3 0.33 0.12
5 PSR 4 0.25 0.12
5 PSR 5 0.2 0.12
5 PSR 6 0.16 0.12
5 PSR 7 0.14 0.12
5 PSR 8 0.12 0.12
5 PSR 9 0.11 0.12
5 PSR 10 0.1 0.12
5 PSR 11 0.09 0.12
5 PSR 12 0.08 0.12
5 PSR 13 0.07 0.12
5 PSR 14 0.07 0.12
5 PSR 15 0.06 0.12
5 PSR 16 0.06 0.12
5 PSR 17 0.05 0.12
5 PSR 18 0.05 0.12
5 PSR 19 0.05 0.12
5 PSR 20 0.05 0.12
5 PSR 21 0.04 0.12
5 PSR 22 0.04 0.12
5 PSR 23 0.04 0.12
5 PSR 24 0.04 0.12
5 PSR 25 0.04 0.12
5 PSR 26 0.03 0.12
5 PSR 27 0.03 0.12
5 PSR 28 0.03 0.12
5 PSR 29 0.03 0.12
5 PSR 30 0.03 0.12
5 PSR 31 0.03 0.12
5 PSR 32 0.03 0.12
5 PSR 33 0.03 0.12
5 PSR 34 0.02 0.12
5 PSR 35 0.02 0.12
5 PSR 36 0.02 0.12
5 PSR 37 0.02 0.12
5 PSR 38 0.02 0.12
5 PSR 39 0.02 0.12
5 PSR 40 0.02 0.12
5 PSR 41 0.02 0.12
5 PSR 42 0.02 0.12
5 PSR 43 0.02 0.12
5 PSR 44 0.02 0.12
5 PSR 45 0.02 0.12
5 PSR 46 0.02 0.12
5 PSR 47 0.02 0.12
5 PSR 48 0.02 0.12
5 PSR 49 0.02 0.12
5 PSR 50 0.02 0.12
5 PSR 51 0.01 0.12
5 PSR 52 0.01 0.12
5 PSR 53 0.01 0.12
5 PSR 54 0.01 0.12
5 PSR 55 0.01 0.12
5 PSR 56 0.01 0.12
5 PSR 57 0.01 0.12
5 PSR 58 0.01 0.12
5 PSR 59 0.01 0.12
5 PSR 60 0.01 0.12
5 PSR 61 0.01 0.12
5 PSR 62 0.01 0.12
5 PSR 63 0.01 0.12
5 PSR 64 0.01 0.12
5 PSR 65 0.01 0.12
5 PSR 66 0.01 0.12
5 PSR 67 0.01 0.12
5 PSR 68 0.01 0.12
5 PSR 69 0.01 0.12
5 PSR 70 0.01 0.12
5 PSR 71 0.01 0.12
5 PSR 72 0.01 0.12
5 PSR 73 0.01 0.12
5 PSR 74 0.01 0.12
5 PSR 75 0.01 0.12
5 PSR 76 0.01 0.12
5 PSR 77 0.01 0.12
5 PSR 78 0.01 0.12
5 PSR 79 0.01 0.12
5 PSR 80 0.01 0.12
5 PSR 81 0.01 0.12
5 PSR 82 0.01 0.12
5 PSR 83 0.01 0.12
5 PSR 84 0.01 0.12
5 PSR 85 0.01 0.12
5 PSR 86 0.01 0.12
5 PSR 87 0.01 0.12
5 PSR 88 0.01 0.12
5 PSR 89 0.01 0.12
5 PSR 90 0.01 0.12
5 PSR 91 0.01 0.12
5 PSR 92 0.01 0.12
5 PSR 93 0.01 0.12
5 PSR 94 0.01 0.12
5 PSR 95 0.01 0.12
5 PSR 96 0.01 0.12
5 PSR 97 0.01 0.12
5 PSR 98 0.01 0.12
5 PSR 99 0.01 0.12
5 PSR 100 0.01 0.12
6 PSR 1 0 0
6 PSR 2 0 0
6 PSR 3 0 0
6 PSR 4 0 0
6 PSR 5 0 0
6 PSR 6 0 0
6 PSR 7 0 0
6 PSR 8 0 0
6 PSR 9 0 0
6 PSR 10 0 0
6 PSR 11 0 0
6 PSR 12 0 0
6 PSR 13 0 0
6 PSR 14 0 0
6 PSR 15 0 0
6 PSR 16 0 0
6 PSR 17 0 0
6 PSR 18 0 0
6 PSR 19 0 0
6 PSR 20 0 0
6 PSR 21 0 0
6 PSR 22 0 0
6 PSR 23 0 0
6 PSR 24 0 0
6 PSR 25 0 0
6 PSR 26 0 0
6 PSR 27 0 0
6 PSR 28 0 0
6 PSR 29 0 0
6 PSR 30 0 0
6 PSR 31 0 0
6 PSR 32 0 0
6 PSR 33 0 0
6 PSR 34 0 0
6 PSR 35 0 0
6 PSR 36 0 0
6 PSR 37 0 0
6 PSR 38 0 0
6 PSR 39 0 0
6 PSR 40 0 0
6 PSR 41 0 0
6 PSR 42 0 0
6 PSR 43 0 0
6 PSR 44 0 0
6 PSR 45 0 0
6 PSR 46 0 0
6 PSR 47 0 0
6 PSR 48 0 0
6 PSR 49 0 0
6 PSR 50 0 0
6 PSR 51 0 0
6 PSR 52 0 0
6 PSR 53 0 0
6 PSR 54 0 0
6 PSR 55 0 0
6 PSR 56 0 0
6 PSR 57 0 0
6 PSR 58 0 0
6 PSR 59 0 0
6 PSR 60 0 0
6 PSR 61 0 0
6 PSR 62 0 0
6 PSR 63 0 0
6 PSR 64 0 0
6 PSR 65 0 0
6 PSR 66 0 0
6 PSR 67 0 0
6 PSR 68 0 0
6 PSR 69 0 0
6 PSR 70 0 0
6 PSR 71 0 0
6 PSR 72 0 0
6 PSR 73 0 0
6 PSR 74 0 0
6 PSR 75 0 0
6 PSR 76 0 0
6 PSR 77 0 0
6 PSR 78 0 0
6 PSR 79 0 0
6 PSR 80 0 0
6 PSR 81 0 0
6 PSR 82 0 0
6 PSR 83 0 0
6 PSR 84 0 0
6 PSR 85 0 0
6 PSR 86 0 0
6 PSR 87 0 0
6 PSR 88 0 0
6 PSR 89 0 0
6 PSR 90 0 0
6 PSR 91 0 0
6 PSR 92 0 0
6 PSR 93 0 0
6 PSR 94 0 0
6 PSR 95 0 0
6 PSR 96 0 0
6 PSR 97 0 0
6 PSR 98 0 0
6 PSR 99 0 0
6 PSR 100 0 0
7 PSR 1 1 0.03
7 PSR 2 0.5 0.03
7 PSR 3 0.33 0.03
7 PSR 4 0.5 0.07
7 PSR 5 0.4 0.07
7 PSR 6 0.33 0.07
7 PSR 7 0.28 0.07
7 PSR 8 0.25 0.07
7 PSR 9 0.22 0.07
7 PSR 10 0.2 0.07
7 PSR 11 0.18 0.07
7 PSR 12 0.16 0.07
7 PSR 13 0.15 0.07
7 PSR 14 0.14 0.07
7 PSR 15 0.13 0.07
7 PSR 16 0.12 0.07
7 PSR 17 0.11 0.07
7 PSR 18 0.11 0.07
7 PSR 19 0.1 0.07
7 PSR 20 0.1 0.07
7 PSR 21 0.09 0.07
7 PSR 22 0.09 0.07
7 PSR 23 0.08 0.07
7 PSR 24 0.08 0.07
7 PSR 25 0.08 0.07
7 PSR 26 0.07 0.07
7 PSR 27 0.07 0.07
7 PSR 28 0.07 0.07
7 PSR 29 0.06 0.07
7 PSR 30 0.06 0.07
7 PSR 31 0.06 0.07
7 PSR 32 0.06 0.07
7 PSR 33 0.06 0.07
7 PSR 34 0.05 0.07
7 PSR 35 0.05 0.07
7 PSR 36 0.05 0.07
7 PSR 37 0.05 0.07
7 PSR 38 0.05 0.07
7 PSR 39 0.05 0.07
7 PSR 40 0.05 0.07
7 PSR 41 0.04 0.07
7 PSR 42 0.04 0.07
7 PSR 43 0.04 0.07
7 PSR 44 0.04 0.07
7 PSR 45 0.04 0.07
7 PSR 46 0.04 0.07
7 PSR 47 0.04 0.07
7 PSR 48 0.04 0.07
7 PSR 49 0.04 0.07
7 PSR 50 0.04 0.07
7 PSR 51 0.03 0.07
7 PSR 52 0.03 0.07
7 PSR 53 0.03 0.07
7 PSR 54 0.03 0.07
7 PSR 55 0.03 0.07
7 PSR 56 0.03 0.07
7 PSR 57 0.03 0.07
7 PSR 58 0.03 0.07
7 PSR 59 0.03 0.07
7 PSR 60 0.03 0.07
7 PSR 61 0.04 0.1
7 PSR 62 0.04 0.1
7 PSR 63 0.04 0.1
7 PSR 64 0.04 0.1
7 PSR 65 0.04 0.1
7 PSR 66 0.04 0.1
7 PSR 67 0.04 0.1
7 PSR 68 0.04 0.1
7 PSR 69 0.04 0.1
7 PSR 70 0.04 0.1
7 PSR 71 0.04 0.1
7 PSR 72 0.04 0.1
7 PSR 73 0.04 0.1
7 PSR 74 0.04 0.1
7 PSR 75 0.04 0.1
7 PSR 76 0.03 0.1
7 PSR 77 0.03 0.1
7 PSR 78 0.03 0.1
7 PSR 79 0.03 0.1
7 PSR 80 0.03 0.1
7 PSR 81 0.03 0.1
7 PSR 82 0.03 0.1
7 PSR 83 0.03 0.1
7 PSR 84 0.03 0.1
7 PSR 85 0.03 0.1
7 PSR 86 0.03 0.1
7 PSR 87 0.03 0.1
7 PSR 88 0.03 0.1
7 PSR 89 0.03 0.1
7 PSR 90 0.03 0.1
7 PSR 91 0.03 0.1
7 PSR 92 0.03 0.1
7 PSR 93 0.03 0.1
7 PSR 94 0.03 0.1
7 PSR 95 0.03 0.1
7 PSR 96 0.03 0.1
7 PSR 97 0.03 0.1
7 PSR 98 0.03 0.1
7 PSR 99 0.03 0.1
7 PSR 100 0.03 0.1
8 PSR 1 1 0.33
8 PSR 2 0.5 0.33
8 PSR 3 0.33 0.33
8 PSR 4 0.25 0.33
8 PSR 5 0.2 0.33
8 PSR 6 0.16 0.33
8 PSR 7 0.14 0.33
8 PSR 8 0.12 0.33
8 PSR 9 0.11 0.33
8 PSR 10 0.1 0.33
8 PSR 11 0.09 0.33
8 PSR 12 0.08 0.33
8 PSR 13 0.07 0.33
8 PSR 14 0.07 0.33
8 PSR 15 0.06 0.33
8 PSR 16 0.06 0.33
8 PSR 17 0.05 0.33
8 PSR 18 0.05 0.33
8 PSR 19 0.05 0.33
8 PSR 20 0.05 0.33
8 PSR 21 0.04 0.33
8 PSR 22 0.04 0.33
8 PSR 23 0.04 0.33
8 PSR 24 0.04 0.33
8 PSR 25 0.04 0.33
8 PSR 26 0.03 0.33
8 PSR 27 0.03 0.33
8 PSR 28 0.03 0.33
8 PSR 29 0.03 0.33
8 PSR 30 0.03 0.33
8 PSR 31 0.03 0.33
8 PSR 32 0.03 0.33
8 PSR 33 0.03 0.33
8 PSR 34 0.02 0.33
8 PSR 35 0.02 0.33
8 PSR 36 0.02 0.33
8 PSR 37 0.02 0.33
8 PSR 38 0.02 0.33
8 PSR 39 0.02 0.33
8 PSR 40 0.02 0.33
8 PSR 41 0.02 0.33
8 PSR 42 0.02 0.33
8 PSR 43 0.02 0.33
8 PSR 44 0.02 0.33
8 PSR 45 0.02 0.33
8 PSR 46 0.02 0.33
8 PSR 47 0.02 0.33
8 PSR 48 0.02 0.33
8 PSR 49 0.02 0.33
8 PSR 50 0.02 0.33
8 PSR 51 0.01 0.33
8 PSR 52 0.01 0.33
8 PSR 53 0.01 0.33
8 PSR 54 0.01 0.33
8 PSR 55 0.01 0.33
8 PSR 56 0.01 0.33
8 PSR 57 0.01 0.33
8 PSR 58 0.01 0.33
8 PSR 59 0.01 0.33
8 PSR 60 0.01 0.33
8 PSR 61 0.01 0.33
8 PSR 62 0.01 0.33
8 PSR 63 0.01 0.33
8 PSR 64 0.01 0.33
8 PSR 65 0.01 0.33
8 PSR 66 0.01 0.33
8 PSR 67 0.01 0.33
8 PSR 68 0.01 0.33
8 PSR 69 0.01 0.33
8 PSR 70 0.01 0.33
8 PSR 71 0.01 0.33
8 PSR 72 0.01 0.33
8 PSR 73 0.01 0.33
8 PSR 74 0.01 0.33
8 PSR 75 0.01 0.33
8 PSR 76 0.01 0.33
8 PSR 77 0.01 0.33
8 PSR 78 0.01 0.33
8 PSR 79 0.01 0.33
8 PSR 80 0.01 0.33
8 PSR 81 0.01 0.33
8 PSR 82 0.01 0.33
8 PSR 83 0.01 0.33
8 PSR 84 0.01 0.33
8 PSR 85 0.01 0.33
8 PSR 86 0.01 0.33
8 PSR 87 0.01 0.33
8 PSR 88 0.01 0.33
8 PSR 89 0.01 0.33
8 PSR 90 0.01 0.33
8 PSR 91 0.01 0.33
8 PSR 92 0.01 0.33
8 PSR 93 0.01 0.33
8 PSR 94 0.01 0.33
8 PSR 95 0.01 0.33
8 PSR 96 0.01 0.33
8 PSR 97 0.01 0.33
8 PSR 98 0.01 0.33
8 PSR 99 0.01 0.33
8 PSR 100 0.01 0.33
9 PSR 1 0 0
9 PSR 2 0 0
9 PSR 3 0 0
9 PSR 4 0 0
9 PSR 5 0 0
9 PSR 6 0 0
9 PSR 7 0 0
9 PSR 8 0 0
9 PSR 9 0 0
9 PSR 10 0 0
9 PSR 11 0 0
9 PSR 12 0 0
9 PSR 13 0 0
9 PSR 14 0 0
9 PSR 15 0 0
9 PSR 16 0 0
9 PSR 17 0 0
9 PSR 18 0 0
9 PSR 19 0 0
9 PSR 20 0 0
9 PSR 21 0 0
9 PSR 22 0 0
9 PSR 23 0 0
9 PSR 24 0 0
9 PSR 25 0 0
9 PSR 26 0 0
9 PSR 27 0 0
9 PSR 28 0 0
9 PSR 29 0 0
9 PSR 30 0 0
9 PSR 31 0 0
9 PSR 32 0 0
9 PSR 33 0 0
9 PSR 34 0 0
9 PSR 35 0 0
9 PSR 36 0 0
9 PSR 37 0 0
9 PSR 38 0 0
9 PSR 39 0 0
9 PSR 40 0 0
9 PSR 41 0 0
9 PSR 42 0 0
9 PSR 43 0 0
9 PSR 44 0 0
9 PSR 45 0 0
9 PSR 46 0 0
9 PSR 47 0 0
9 PSR 48 0 0
9 PSR 49 0 0
9 PSR 50 0 0
9 PSR 51 0 0
9 PSR 52 0 0
9 PSR 53 0 0
9 PSR 54 0 0
9 PSR 55 0 0
9 PSR 56 0 0
9 PSR 57 0 0
9 PSR 58 0 0
9 PSR 59 0 0
9 PSR 60 0 0
9 PSR 61 0 0
9 PSR 62 0 0
9 PSR 63 0 0
9 PSR 64 0 0
9 PSR 65 0 0
9 PSR 66 0 0
9 PSR 67 0 0
9 PSR 68 0 0
9 PSR 69 0 0
9 PSR 70 0 0
9 PSR 71 0 0
9 PSR 72 0 0
9 PSR 73 0 0
9 PSR 74 0 0
9 PSR 75 0 0
9 PSR 76 0 0
9 PSR 77 0 0
9 PSR 78 0 0
9 PSR 79 0 0
9 PSR 80 0 0
9 PSR 81 0 0
9 PSR 82 0 0
9 PSR 83 0 0
9 PSR 84 0 0
9 PSR 85 0 0
9 PSR 86 0 0
9 PSR 87 0 0
9 PSR 88 0 0
9 PSR 89 0 0
9 PSR 90 0 0
9 PSR 91 0 0
9 PSR 92 0 0
9 PSR 93 0 0
9 PSR 94 0 0
9 PSR 95 0 0
9 PSR 96 0 0
9 PSR 97 0 0
9 PSR 98 0 0
9 PSR 99 0 0
9 PSR 100 0 0
10 PSR 1 1 0.02
10 PSR 2 0.5 0.02
10 PSR 3 0.33 0.02
10 PSR 4 0.25 0.02
10 PSR 5 0.2 0.02
10 PSR 6 0.33 0.05
10 PSR 7 0.28 0.05
10 PSR 8 0.25 0.05
10 PSR 9 0.22 0.05
10 PSR 10 0.2 0.05
10 PSR 11 0.18 0.05
10 PSR 12 0.16 0.05
10 PSR 13 0.15 0.05
10 PSR 14 0.14 0.05
10 PSR 15 0.13 0.05
10 PSR 16 0.12 0.05
10 PSR 17 0.11 0.05
10 PSR 18 0.11 0.05
10 PSR 19 0.1 0.05
10 PSR 20 0.1 0.05
10 PSR 21 0.09 0.05
10 PSR 22 0.09 0.05
10 PSR 23 0.08 0.05
10 PSR 24 0.08 0.05
10 PSR 25 0.08 0.05
10 PSR 26 0.07 0.05
10 PSR 27 0.07 0.05
10 PSR 28 0.07 0.05
10 PSR 29 0.06 0.05
10 PSR 30 0.06 0.05
10 PSR 31 0.06 0.05
10 PSR 32 0.06 0.05
10 PSR 33 0.06 0.05
10 PSR 34 0.05 0.05
10 PSR 35 0.05 0.05
10 PSR 36 0.05 0.05
10 PSR 37 0.05 0.05
10 PSR 38 0.07 0.08
10 PSR 39 0.07 0.08
10 PSR 40 0.07 0.08
10 PSR 41 0.07 0.08
10 PSR 42 0.07 0.08
10 PSR 43 0.06 0.08
10 PSR 44 0.06 0.08
10 PSR 45 0.06 0.08
10 PSR 46 0.06 0.08
10 PSR 47 0.06 0.08
10 PSR 48 0.06 0.08
10 PSR 49 0.06 0.08
10 PSR 50 0.06 0.08
10 PSR 51 0.05 0.08
10 PSR 52 0.05 0.08
10 PSR 53 0.05 0.08
10 PSR 54 0.05 0.08
10 PSR 55 0.05 0.08
10 PSR 56 0.05 0.08
10 PSR 57 0.05 0.08
10 PSR 58 0.05 0.08
10 PSR 59 0.05 0.08
10 PSR 60 0.05 0.08
10 PSR 61 0.04 0.08
10 PSR 62 0.04 0.08
10 PSR 63 0.04 0.08
10 PSR 64 0.04 0.08
10 PSR 65 0.04 0.08
10 PSR 66 0.04 0.08
10 PSR 67 0.04 0.08
10 PSR 68 0.04 0.08
10 PSR 69 0.04 0.08
10 PSR 70 0.04 0.08
10 PSR 71 0.04 0.08
10 PSR 72 0.04 0.08
10 PSR 73 0.04 0.08
10 PSR 74 0.04 0.08
10 PSR 75 0.04 0.08
10 PSR 76 0.03 0.08
10 PSR 77 0.03 0.08
10 PSR 78 0.03 0.08
10 PSR 79 0.03 0.08
10 PSR 80 0.03 0.08
10 PSR 81 0.03 0.08
10 PSR 82 0.03 0.08
10 PSR 83 0.03 0.08
10 PSR 84 0.03 0.08
10 PSR 85 0.03 0.08
10 PSR 86 0.03 0.08
10 PSR 87 0.03 0.08
10 PSR 88 0.03 0.08
10 PSR 89 0.03 0.08
10 PSR 90 0.03 0.08
10 PSR 91 0.03 0.08
10 PSR 92 0.03 0.08
10 PSR 93 0.03 0.08
10 PSR 94 0.03 0.08
10 PSR 95 0.03 0.08
10 PSR 96 0.03 0.08
10 PSR 97 0.03 0.08
10 PSR 98 0.03 0.08
10 PSR 99 0.03 0.08
10 PSR 100 0.03 0.08
11 PSR 1 0 0
11 PSR 2 0 0
11 PSR 3 0 0
11 PSR 4 0 0
11 PSR 5 0 0
11 PSR 6 0 0
11 PSR 7 0 0
11 PSR 8 0 0
11 PSR 9 0 0
11 PSR 10 0 0
11 PSR 11 0 0
11 PSR 12 0 0
11 PSR 13 0 0
11 PSR 14 0 0
11 PSR 15 0 0
11 PSR 16 0 0
11 PSR 17 0 0
11 PSR 18 0 0
11 PSR 19 0 0
11 PSR 20 0 0
11 PSR 21 0 0
11 PSR 22 0 0
11 PSR 23 0 0
11 PSR 24 0 0
11 PSR 25 0 0
11 PSR 26 0 0
11 PSR 27 0 0
11 PSR 28 0 0
11 PSR 29 0 0
11 PSR 30 0 0
11 PSR 31 0 0
11 PSR 32 0 0
11 PSR 33 0 0
11 PSR 34 0 0
11 PSR 35 0 0
11 PSR 36 0 0
11 PSR 37 0 0
11 PSR 38 0 0
11 PSR 39 0 0
11 PSR 40 0 0
11 PSR 41 0 0
11 PSR 42 0 0
11 PSR 43 0 0
11 PSR 44 0 0
11 PSR 45 0 0
11 PSR 46 0 0
11 PSR 47 0 0
11 PSR 48 0 0
11 PSR 49 0 0
11 PSR 50 0 0
11 PSR 51 0 0
11 PSR 52 0 0
11 PSR 53 0 0
11 PSR 54 0 0
11 PSR 55 0 0
11 PSR 56 0 0
11 PSR 57 0 0
11 PSR 58 0 0
11 PSR 59 0 0
11 PSR 60 0 0
11 PSR 61 0 0
11 PSR 62 0 0
11 PSR 63 0 0
11 PSR 64 0 0
11 PSR 65 0 0
11 PSR 66 0 0
11 PSR 67 0 0
11 PSR 68 0 0
11 PSR 69 0 0
11 PSR 70 0 0
11 PSR 71 0 0
11 PSR 72 0 0
11 PSR 73 0 0
11 PSR 74 0 0
11 PSR 75 0 0
11 PSR 76 0 0
11 PSR 77 0 0
11 PSR 78 0 0
11 PSR 79 0 0
11 PSR 80 0 0
11 PSR 81 0 0
11 PSR 82 0 0
11 PSR 83 0 0
11 PSR 84 0 0
11 PSR 85 0 0
11 PSR 86 0 0
11 PSR 87 0 0
11 PSR 88 0 0
11 PSR 89 0 0
11 PSR 90 0 0
11 PSR 91 0 0
11 PSR 92 0 0
11 PSR 93 0 0
11 PSR 94 0 0
11 PSR 95 0 0
11 PSR 96 0 0
11 PSR 97 0 0
11 PSR 98 0 0
11 PSR 99 0 0
11 PSR 100 0 0
12 PSR 1 0 0
12 PSR 2 0 0
12 PSR 3 0 0
12 PSR 4 0 0
12 PSR 5 0 0
12 PSR 6 0 0
12 PSR 7 0 0
12 PSR 8 0 0
12 PSR 9 0 0
12 PSR 10 0 0
12 PSR 11 0 0
12 PSR 12 0 0
12 PSR 13 0 0
12 PSR 14 0 0
12 PSR 15 0 0
12 PSR 16 0 0
12 PSR 17 0 0
12 PSR 18 0 0
12 PSR 19 0 0
12 PSR 20 0 0
12 PSR 21 0 0
12 PSR 22 0 0
12 PSR 23 0 0
12 PSR 24 0 0
12 PSR 25 0 0
12 PSR 26 0 0
12 PSR 27 0 0
12 PSR 28 0 0
12 PSR 29 0 0
12 PSR 30 0 0
12 PSR 31 0 0
12 PSR 32 0 0
12 PSR 33 0 0
12 PSR 34 0 0
12 PSR 35 0 0
12 PSR 36 0 0
12 PSR 37 0 0
12 PSR 38 0 0
12 PSR 39 0 0
12 PSR 40 0 0
12 PSR 41 0 0
12 PSR 42 0 0
12 PSR 43 0 0
12 PSR 44 0 0
12 PSR 45 0 0
12 PSR 46 0 0
12 PSR 47 0 0
12 PSR 48 0 0
12 PSR 49 0 0
12 PSR 50 0 0
12 PSR 51 0 0
12 PSR 52 0 0
12 PSR 53 0 0
12 PSR 54 0 0
12 PSR 55 0 0
12 PSR 56 0 0
12 PSR 57 0 0
12 PSR 58 0 0
12 PSR 59 0 0
12 PSR 60 0 0
12 PSR 61 0 0
12 PSR 62 0 0
12 PSR 63 0 0
12 PSR 64 0 0
12 PSR 65 0 0
12 PSR 66 0 0
12 PSR 67 0 0
12 PSR 68 0 0
12 PSR 69 0 0
12 PSR 70 0 0
12 PSR 71 0 0
12 PSR 72 0 0
12 PSR 73 0 0
12 PSR 74 0 0
12 PSR 75 0 0
12 PSR 76 0 0
12 PSR 77 0 0
12 PSR 78 0 0
12 PSR 79 0 0
12 PSR 80 0 0
12 PSR 81 0 0
12 PSR 82 0 0
12 PSR 83 0 0
12 PSR 84 0 0
12 PSR 85 0 0
12 PSR 86 0 0
12 PSR 87 0 0
12 PSR 88 0 0
12 PSR 89 0 0
12 PSR 90 0 0
12 PSR 91 0 0
12 PSR 92 0 0
12 PSR 93 0 0
12 PSR 94 0 0
12 PSR 95 0 0
12 PSR 96 0 0
12 PSR 97 0 0
12 PSR 98 0 0
12 PSR 99 0 0
12 PSR 100 0 0
13 PSR 1 0 0
13 PSR 2 0 0
13 PSR 3 0 0
13 PSR 4 0 0
13 PSR 5 0 0
13 PSR 6 0 0
13 PSR 7 0 0
13 PSR 8 0 0
13 PSR 9 0 0
13 PSR 10 0 0
13 PSR 11 0 0
13 PSR 12 0 0
13 PSR 13 0 0
13 PSR 14 0 0
13 PSR 15 0 0
13 PSR 16 0 0
13 PSR 17 0 0
13 PSR 18 0 0
13 PSR 19 0 0
13 PSR 20 0 0
13 PSR 21 0 0
13 PSR 22 0 0
13 PSR 23 0 0
13 PSR 24 0 0
13 PSR 25 0 0
13 PSR 26 0 0
13 PSR 27 0 0
13 PSR 28 0 0
13 PSR 29 0 0
13 PSR 30 0 0
13 PSR 31 0 0
13 PSR 32 0 0
13 PSR 33 0 0
13 PSR 34 0 0
13 PSR 35 0 0
13 PSR 36 0 0
13 PSR 37 0 0
13 PSR 38 0 0
13 PSR 39 0 0
13 PSR 40 0 0
13 PSR 41 0 0
13 PSR 42 0 0
13 PSR 43 0 0
13 PSR 44 0 0
13 PSR 45 0 0
13 PSR 46 0 0
13 PSR 47 0 0
13 PSR 48 0 0
13 PSR 49 0 0
13 PSR 50 0 0
13 PSR 51 0 0
13 PSR 52 0 0
13 PSR 53 0 0
13 PSR 54 0 0
13 PSR 55 0 0
13 PSR 56 0 0
13 PSR 57 0 0
13 PSR 58 0 0
13 PSR 59 0 0
13 PSR 60 0 0
13 PSR 61 0 0
13 PSR 62 0 0
13 PSR 63 0 0
13 PSR 64 0 0
13 PSR 65 0 0
13 PSR 66 0 0
13 PSR 67 0 0
13 PSR 68 0 0
13 PSR 69 0 0
13 PSR 70 0 0
13 PSR 71 0 0
13 PSR 72 0 0
13 PSR 73 0 0
13 PSR 74 0 0
13 PSR 75 0 0
13 PSR 76 0 0
13 PSR 77 0 0
13 PSR 78 0 0
13 PSR 79 0 0
13 PSR 80 0 0
13 PSR 81 0 0
13 PSR 82 0 0
13 PSR 83 0 0
13 PSR 84 0 0
13 PSR 85 0 0
13 PSR 86 0 0
13 PSR 87 0 0
13 PSR 88 0 0
13 PSR 89 0 0
13 PSR 90 0 0
13 PSR 91 0 0
13 PSR 92 0 0
13 PSR 93 0 0
13 PSR 94 0 0
13 PSR 95 0 0
13 PSR 96 0 0
13 PSR 97 0 0
13 PSR 98 0 0
13 PSR 99 0 0
14 PSR 1 0 0
14 PSR 2 0 0
14 PSR 3 0 0
14 PSR 4 0 0
14 PSR 5 0 0
14 PSR 6 0 0
14 PSR 7 0 0
14 PSR 8 0 0
14 PSR 9 0 0
14 PSR 10 0 0
14 PSR 11 0 0
14 PSR 12 0 0
14 PSR 13 0 0
14 PSR 14 0 0
14 PSR 15 0 0
14 PSR 16 0 0
14 PSR 17 0 0
14 PSR 18 0 0
14 PSR 19 0 0
14 PSR 20 0 0
14 PSR 21 0 0
14 PSR 22 0 0
14 PSR 23 0 0
14 PSR 24 0 0
14 PSR 25 0 0
14 PSR 26 0 0
14 PSR 27 0 0
14 PSR 28 0 0
14 PSR 29 0 0
14 PSR 30 0 0
14 PSR 31 0 0
14 PSR 32 0 0
14 PSR 33 0 0
14 PSR 34 0 0
14 PSR 35 0 0
14 PSR 36 0 0
14 PSR 37 0 0
14 PSR 38 0 0
14 PSR 39 0 0
14 PSR 40 0 0
14 PSR 41 0 0
14 PSR 42 0 0
14 PSR 43 0 0
14 PSR 44 0 0
14 PSR 45 0 0
14 PSR 46 0 0
14 PSR 47 0 0
14 PSR 48 0 0
14 PSR 49 0 0
14 PSR 50 0 0
14 PSR 51 0 0
14 PSR 52 0 0
14 PSR 53 0 0
14 PSR 54 0 0
14 PSR 55 0 0
14 PSR 56 0 0
14 PSR 57 0 0
14 PSR 58 0 0
14 PSR 59 0 0
14 PSR 60 0 0
14 PSR 61 0 0
14 PSR 62 0 0
14 PSR 63 0 0
14 PSR 64 0 0
14 PSR 65 0 0
14 PSR 66 0 0
14 PSR 67 0 0
14 PSR 68 0 0
14 PSR 69 0 0
14 PSR 70 0 0
14 PSR 71 0 0
14 PSR 72 0 0
14 PSR 73 0 0
14 PSR 74 0 0
14 PSR 75 0 0
14 PSR 76 0 0
14 PSR 77 0 0
14 PSR 78 0 0
14 PSR 79 0 0
14 PSR 80 0 0
14 PSR 81 0 0
14 PSR 82 0 0
14 PSR 83 0 0
14 PSR 84 0 0
14 PSR 85 0 0
14 PSR 86 0 0
14 PSR 87 0 0
14 PSR 88 0 0
14 PSR 89 0 0
14 PSR 90 0 0
14 PSR 91 0 0
14 PSR 92 0 0
14 PSR 93 0 0
14 PSR 94 0 0
14 PSR 95 0 0
14 PSR 96 0 0
14 PSR 97 0 0
14 PSR 98 0 0
14 PSR 99 0 0
14 PSR 100 0 0
15 PSR 1 0 0
15 PSR 2 0 0
15 PSR 3 0 0
15 PSR 4 0 0
15 PSR 5 0 0
15 PSR 6 0 0
15 PSR 7 0 0
15 PSR 8 0 0
15 PSR 9 0 0
15 PSR 10 0 0
15 PSR 11 0 0
15 PSR 12 0 0
15 PSR 13 0 0
15 PSR 14 0 0
15 PSR 15 0 0
15 PSR 16 0 0
15 PSR 17 0 0
15 PSR 18 0 0
15 PSR 19 0 0
15 PSR 20 0 0
15 PSR 21 0 0
15 PSR 22 0 0
15 PSR 23 0 0
15 PSR 24 0 0
15 PSR 25 0 0
15 PSR 26 0 0
15 PSR 27 0 0
15 PSR 28 0 0
15 PSR 29 0 0
15 PSR 30 0 0
15 PSR 31 0 0
15 PSR 32 0 0
15 PSR 33 0 0
15 PSR 34 0 0
15 PSR 35 0 0
15 PSR 36 0 0
15 PSR 37 0 0
15 PSR 38 0 0
15 PSR 39 0 0
15 PSR 40 0 0
15 PSR 41 0 0
15 PSR 42 0 0
15 PSR 43 0 0
15 PSR 44 0 0
15 PSR 45 0 0
15 PSR 46 0 0
15 PSR 47 0 0
15 PSR 48 0 0
15 PSR 49 0 0
15 PSR 50 0 0
15 PSR 51 0 0
15 PSR 52 0 0
15 PSR 53 0 0
15 PSR 54 0 0
15 PSR 55 0 0
15 PSR 56 0 0
15 PSR 57 0 0
15 PSR 58 0 0
15 PSR 59 0 0
15 PSR 60 0 0
15 PSR 61 0 0
15 PSR 62 0 0
15 PSR 63 0 0
15 PSR 64 0 0
15 PSR 65 0 0
15 PSR 66 0 0
15 PSR 67 0 0
15 PSR 68 0 0
15 PSR 69 0 0
15 PSR 70 0 0
15 PSR 71 0 0
15 PSR 72 0 0
15 PSR 73 0 0
15 PSR 74 0 0
15 PSR 75 0 0
15 PSR 76 0 0
15 PSR 77 0 0
15 PSR 78 0 0
15 PSR 79 0 0
15 PSR 80 0 0
15 PSR 81 0 0
15 PSR 82 0 0
15 PSR 83 0 0
15 PSR 84 0 0
15 PSR 85 0 0
15 PSR 86 0 0
15 PSR 87 0 0
15 PSR 88 0 0
15 PSR 89 0 0
15 PSR 90 0 0
15 PSR 91 0 0
15 PSR 92 0 0
15 PSR 93 0 0
15 PSR 94 0 0
15 PSR 95 0 0
15 PSR 96 0 0
15 PSR 97 0 0
15 PSR 98 0 0
15 PSR 99 0 0
15 PSR 100 0 0
16 PSR 1 0 0
16 PSR 2 0 0
16 PSR 3 0 0
16 PSR 4 0 0
16 PSR 5 0 0
16 PSR 6 0 0
16 PSR 7 0 0
16 PSR 8 0 0
16 PSR 9 0 0
16 PSR 10 0 0
16 PSR 11 0 0
16 PSR 12 0 0
16 PSR 13 0 0
16 PSR 14 0 0
16 PSR 15 0 0
16 PSR 16 0 0
16 PSR 17 0 0
16 PSR 18 0 0
16 PSR 19 0.05 0.05
16 PSR 20 0.05 0.05
16 PSR 21 0.04 0.05
16 PSR 22 0.04 0.05
16 PSR 23 0.04 0.05
16 PSR 24 0.04 0.05
16 PSR 25 0.04 0.05
16 PSR 26 0.03 0.05
16 PSR 27 0.03 0.05
16 PSR 28 0.03 0.05
16 PSR 29 0.03 0.05
16 PSR 30 0.03 0.05
16 PSR 31 0.03 0.05
16 PSR 32 0.03 0.05
16 PSR 33 0.03 0.05
16 PSR 34 0.02 0.05
16 PSR 35 0.02 0.05
16 PSR 36 0.02 0.05
16 PSR 37 0.02 0.05
16 PSR 38 0.02 0.05
16 PSR 39 0.02 0.05
16 PSR 40 0.02 0.05
16 PSR 41 0.02 0.05
16 PSR 42 0.02 0.05
16 PSR 43 0.02 0.05
16 PSR 44 0.02 0.05
16 PSR 45 0.02 0.05
16 PSR 46 0.02 0.05
16 PSR 47 0.02 0.05
16 PSR 48 0.02 0.05
16 PSR 49 0.02 0.05
16 PSR 50 0.02 0.05
16 PSR 51 0.01 0.05
16 PSR 52 0.01 0.05
16 PSR 53 0.01 0.05
16 PSR 54 0.01 0.05
16 PSR 55 0.01 0.05
16 PSR 56 0.01 0.05
16 PSR 57 0.01 0.05
16 PSR 58 0.01 0.05
16 PSR 59 0.01 0.05
16 PSR 60 0.01 0.05
16 PSR 61 0.01 0.05
16 PSR 62 0.01 0.05
16 PSR 63 0.01 0.05
16 PSR 64 0.01 0.05
16 PSR 65 0.01 0.05
16 PSR 66 0.01 0.05
16 PSR 67 0.01 0.05
16 PSR 68 0.01 0.05
16 PSR 69 0.01 0.05
16 PSR 70 0.01 0.05
16 PSR 71 0.01 0.05
16 PSR 72 0.01 0.05
16 PSR 73 0.01 0.05
16 PSR 74 0.01 0.05
16 PSR 75 0.01 0.05
16 PSR 76 0.01 0.05
16 PSR 77 0.01 0.05
16 PSR 78 0.01 0.05
16 PSR 79 0.01 0.05
16 PSR 80 0.01 0.05
16 PSR 81 0.01 0.05
16 PSR 82 0.01 0.05
16 PSR 83 0.01 0.05
16 PSR 84 0.01 0.05
16 PSR 85 0.01 0.05
16 PSR 86 0.01 0.05
16 PSR 87 0.01 0.05
16 PSR 88 0.01 0.05
16 PSR 89 0.01 0.05
16 PSR 90 0.01 0.05
16 PSR 91 0.01 0.05
16 PSR 92 0.01 0.05
16 PSR 93 0.01 0.05
16 PSR 94 0.01 0.05
16 PSR 95 0.01 0.05
16 PSR 96 0.01 0.05
16 PSR 97 0.01 0.05
16 PSR 98 0.01 0.05
16 PSR 99 0.01 0.05
16 PSR 100 0.01 0.05
17 PSR 1 0 0
17 PSR 2 0 0
17 PSR 3 0 0
17 PSR 4 0 0
17 PSR 5 0 0
17 PSR 6 0 0
17 PSR 7 0 0
17 PSR 8 0 0
17 PSR 9 0 0
17 PSR 10 0 0
17 PSR 11 0 0
17 PSR 12 0 0
17 PSR 13 0 0
17 PSR 14 0 0
17 PSR 15 0 0
17 PSR 16 0 0
17 PSR 17 0 0
17 PSR 18 0 0
17 PSR 19 0 0
17 PSR 20 0 0
17 PSR 21 0 0
17 PSR 22 0 0
17 PSR 23 0 0
17 PSR 24 0 0
17 PSR 25 0 0
17 PSR 26 0 0
17 PSR 27 0 0
17 PSR 28 0 0
17 PSR 29 0 0
17 PSR 30 0 0
17 PSR 31 0 0
17 PSR 32 0 0
17 PSR 33 0 0
17 PSR 34 0 0
17 PSR 35 0 0
17 PSR 36 0 0
17 PSR 37 0 0
17 PSR 38 0 0
17 PSR 39 0 0
17 PSR 40 0 0
17 PSR 41 0 0
17 PSR 42 0 0
17 PSR 43 0 0
17 PSR 44 0 0
17 PSR 45 0 0
17 PSR 46 0 0
17 PSR 47 0 0
17 PSR 48 0 0
17 PSR 49 0 0
17 PSR 50 0 0
17 PSR 51 0 0
17 PSR 52 0 0
17 PSR 53 0 0
17 PSR 54 0 0
17 PSR 55 0 0
17 PSR 56 0 0
17 PSR 57 0 0
17 PSR 58 0 0
17 PSR 59 0 0
17 PSR 60 0 0
17 PSR 61 0 0
17 PSR 62 0 0
17 PSR 63 0 0
17 PSR 64 0 0
17 PSR 65 0 0
17 PSR 66 0 0
17 PSR 67 0 0
17 PSR 68 0 0
17 PSR 69 0 0
17 PSR 70 0 0
17 PSR 71 0 0
17 PSR 72 0 0
17 PSR 73 0 0
17 PSR 74 0 0
17 PSR 75 0 0
17 PSR 76 0 0
17 PSR 77 0 0
17 PSR 78 0 0
17 PSR 79 0 0
17 PSR 80 0 0
17 PSR 81 0 0
17 PSR 82 0 0
17 PSR 83 0 0
17 PSR 84 0 0
17 PSR 85 0 0
17 PSR 86 0 0
17 PSR 87 0 0
17 PSR 88 0 0
17 PSR 89 0 0
17 PSR 90 0 0
17 PSR 91 0 0
17 PSR 92 0 0
17 PSR 93 0 0
17 PSR 94 0 0
17 PSR 95 0 0
17 PSR 96 0 0
17 PSR 97 0 0
17 PSR 98 0 0
17 PSR 99 0 0
17 PSR 100 0 0
18 PSR 1 0 0
18 PSR 2 0 0
18 PSR 3 0 0
18 PSR 4 0 0
18 PSR 5 0 0
18 PSR 6 0 0
18 PSR 7 0 0
18 PSR 8 0 0
18 PSR 9 0 0
18 PSR 10 0 0
18 PSR 11 0 0
18 PSR 12 0 0
18 PSR 13 0 0
18 PSR 14 0 0
18 PSR 15 0 0
18 PSR 16 0 0
18 PSR 17 0 0
18 PSR 18 0 0
18 PSR 19 0 0
18 PSR 20 0 0
18 PSR 21 0 0
18 PSR 22 0 0
18 PSR 23 0 0
18 PSR 24 0 0
18 PSR 25 0 0
18 PSR 26 0 0
18 PSR 27 0 0
18 PSR 28 0 0
18 PSR 29 0 0
18 PSR 30 0 0
18 PSR 31 0 0
18 PSR 32 0 0
18 PSR 33 0 0
18 PSR 34 0 0
18 PSR 35 0 0
18 PSR 36 0 0
18 PSR 37 0.02 0.09
18 PSR 38 0.02 0.09
18 PSR 39 0.02 0.09
18 PSR 40 0.02 0.09
18 PSR 41 0.02 0.09
18 PSR 42 0.02 0.09
18 PSR 43 0.02 0.09
18 PSR 44 0.02 0.09
18 PSR 45 0.02 0.09
18 PSR 46 0.02 0.09
18 PSR 47 0.02 0.09
18 PSR 48 0.02 0.09
18 PSR 49 0.02 0.09
18 PSR 50 0.02 0.09
18 PSR 51 0.01 0.09
18 PSR 52 0.01 0.09
18 PSR 53 0.01 0.09
18 PSR 54 0.01 0.09
18 PSR 55 0.01 0.09
18 PSR 56 0.01 0.09
18 PSR 57 0.01 0.09
18 PSR 58 0.01 0.09
18 PSR 59 0.01 0.09
18 PSR 60 0.01 0.09
18 PSR 61 0.01 0.09
18 PSR 62 0.01 0.09
18 PSR 63 0.01 0.09
18 PSR 64 0.01 0.09
18 PSR 65 0.01 0.09
18 PSR 66 0.01 0.09
18 PSR 67 0.01 0.09
18 PSR 68 0.01 0.09
18 PSR 69 0.01 0.09
18 PSR 70 0.01 0.09
18 PSR 71 0.01 0.09
18 PSR 72 0.01 0.09
18 PSR 73 0.01 0.09
18 PSR 74 0.01 0.09
18 PSR 75 0.01 0.09
18 PSR 76 0.01 0.09
18 PSR 77 0.01 0.09
18 PSR 78 0.01 0.09
18 PSR 79 0.01 0.09
18 PSR 80 0.01 0.09
18 PSR 81 0.01 0.09
18 PSR 82 0.01 0.09
18 PSR 83 0.01 0.09
18 PSR 84 0.01 0.09
18 PSR 85 0.01 0.09
18 PSR 86 0.01 0.09
18 PSR 87 0.01 0.09
18 PSR 88 0.01 0.09
18 PSR 89 0.01 0.09
18 PSR 90 0.01 0.09
18 PSR 91 0.01 0.09
18 PSR 92 0.01 0.09
18 PSR 93 0.01 0.09
18 PSR 94 0.01 0.09
18 PSR 95 0.01 0.09
18 PSR 96 0.01 0.09
18 PSR 97 0.01 0.09
18 PSR 98 0.01 0.09
18 PSR 99 0.01 0.09
18 PSR 100 0.01 0.09
19 PSR 1 0 0
19 PSR 2 0 0
19 PSR 3 0 0
19 PSR 4 0 0
19 PSR 5 0 0
19 PSR 6 0 0
19 PSR 7 0 0
19 PSR 8 0 0
19 PSR 9 0 0
19 PSR 10 0 0
19 PSR 11 0 0
19 PSR 12 0 0
19 PSR 13 0 0
19 PSR 14 0 0
19 PSR 15 0 0
19 PSR 16 0 0
19 PSR 17 0 0
19 PSR 18 0 0
19 PSR 19 0 0
19 PSR 20 0 0
19 PSR 21 0 0
19 PSR 22 0 0
19 PSR 23 0 0
19 PSR 24 0 0
19 PSR 25 0 0
19 PSR 26 0 0
19 PSR 27 0 0
19 PSR 28 0 0
19 PSR 29 0 0
19 PSR 30 0 0
19 PSR 31 0 0
19 PSR 32 0 0
19 PSR 33 0 0
19 PSR 34 0 0
19 PSR 35 0 0
19 PSR 36 0 0
19 PSR 37 0 0
19 PSR 38 0 0
19 PSR 39 0 0
19 PSR 40 0 0
19 PSR 41 0 0
19 PSR 42 0 0
19 PSR 43 0 0
19 PSR 44 0 0
19 PSR 45 0 0
19 PSR 46 0 0
19 PSR 47 0 0
19 PSR 48 0 0
19 PSR 49 0 0
19 PSR 50 0 0
19 PSR 51 0 0
19 PSR 52 0 0
19 PSR 53 0 0
19 PSR 54 0 0
19 PSR 55 0 0
19 PSR 56 0 0
19 PSR 57 0 0
19 PSR 58 0 0
19 PSR 59 0 0
19 PSR 60 0 0
19 PSR 61 0 0
19 PSR 62 0 0
19 PSR 63 0 0
19 PSR 64 0 0
19 PSR 65 0 0
19 PSR 66 0 0
19 PSR 67 0 0
19 PSR 68 0 0
19 PSR 69 0 0
19 PSR 70 0 0
19 PSR 71 0 0
19 PSR 72 0 0
19 PSR 73 0 0
19 PSR 74 0 0
19 PSR 75 0 0
19 PSR 76 0 0
19 PSR 77 0 0
19 PSR 78 0 0
19 PSR 79 0 0
19 PSR 80 0 0
19 PSR 81 0 0
19 PSR 82 0 0
19 PSR 83 0 0
19 PSR 84 0 0
19 PSR 85 0 0
19 PSR 86 0 0
19 PSR 87 0 0
19 PSR 88 0 0
19 PSR 89 0 0
19 PSR 90 0 0
19 PSR 91 0 0
19 PSR 92 0 0
19 PSR 93 0 0
19 PSR 94 0 0
19 PSR 95 0 0
19 PSR 96 0 0
19 PSR 97 0 0
19 PSR 98 0 0
20 PSR 1 0 0
20 PSR 2 0 0
20 PSR 3 0 0
20 PSR 4 0 0
20 PSR 5 0 0
20 PSR 6 0 0
20 PSR 7 0 0
20 PSR 8 0 0
20 PSR 9 0 0
20 PSR 10 0 0
20 PSR 11 0 0
20 PSR 12 0 0
20 PSR 13 0 0
20 PSR 14 0 0
20 PSR 15 0 0
20 PSR 16 0 0
20 PSR 17 0 0
20 PSR 18 0 0
20 PSR 19 0 0
20 PSR 20 0 0
20 PSR 21 0 0
20 PSR 22 0 0
20 PSR 23 0 0
20 PSR 24 0 0
20 PSR 25 0 0
20 PSR 26 0 0
20 PSR 27 0 0
20 PSR 28 0 0
20 PSR 29 0 0
20 PSR 30 0 0
20 PSR 31 0 0
20 PSR 32 0 0
20 PSR 33 0 0
20 PSR 34 0 0
20 PSR 35 0 0
20 PSR 36 0 0
20 PSR 37 0 0
20 PSR 38 0 0
20 PSR 39 0 0
20 PSR 40 0 0
20 PSR 41 0 0
20 PSR 42 0 0
20 PSR 43 0 0
20 PSR 44 0 0
20 PSR 45 0 0
20 PSR 46 0 0
20 PSR 47 0 0
20 PSR 48 0 0
20 PSR 49 0 0
20 PSR 50 0 0
20 PSR 51 0 0
20 PSR 52 0 0
20 PSR 53 0 0
20 PSR 54 0 0
20 PSR 55 0 0
20 PSR 56 0 0
20 PSR 57 0 0
20 PSR 58 0 0
20 PSR 59 0 0
20 PSR 60 0 0
20 PSR 61 0 0
20 PSR 62 0 0
20 PSR 63 0 0
20 PSR 64 0 0
20 PSR 65 0 0
20 PSR 66 0 0
20 PSR 67 0 0
20 PSR 68 0 0
20 PSR 69 0 0
20 PSR 70 0 0
20 PSR 71 0 0
20 PSR 72 0 0
20 PSR 73 0 0
20 PSR 74 0 0
20 PSR 75 0 0
20 PSR 76 0 0
20 PSR 77 0 0
20 PSR 78 0 0
20 PSR 79 0 0
20 PSR 80 0 0
20 PSR 81 0 0
20 PSR 82 0 0
20 PSR 83 0 0
20 PSR 84 0 0
20 PSR 85 0 0
20 PSR 86 0 0
20 PSR 87 0 0
20 PSR 88 0 0
20 PSR 89 0 0
20 PSR 90 0 0
20 PSR 91 0 0
20 PSR 92 0 0
20 PSR 93 0 0
20 PSR 94 0 0
20 PSR 95 0 0
20 PSR 96 0 0
20 PSR 97 0 0
20 PSR 98 0 0
20 PSR 99 0 0
20 PSR 100 0 0
21 PSR 1 0 0
21 PSR 2 0 0
21 PSR 3 0 0
21 PSR 4 0 0
21 PSR 5 0 0
21 PSR 6 0 0
21 PSR 7 0 0
21 PSR 8 0 0
21 PSR 9 0 0
21 PSR 10 0 0
21 PSR 11 0 0
21 PSR 12 0 0
21 PSR 13 0 0
21 PSR 14 0 0
21 PSR 15 0 0
21 PSR 16 0 0
21 PSR 17 0 0
21 PSR 18 0.05 0.09
21 PSR 19 0.05 0.09
21 PSR 20 0.05 0.09
21 PSR 21 0.04 0.09
21 PSR 22 0.04 0.09
21 PSR 23 0.04 0.09
21 PSR 24 0.04 0.09
21 PSR 25 0.04 0.09
21 PSR 26 0.03 0.09
21 PSR 27 0.03 0.09
21 PSR 28 0.03 0.09
21 PSR 29 0.03 0.09
21 PSR 30 0.03 0.09
21 PSR 31 0.03 0.09
21 PSR 32 0.03 0.09
21 PSR 33 0.03 0.09
21 PSR 34 0.02 0.09
21 PSR 35 0.02 0.09
21 PSR 36 0.02 0.09
21 PSR 37 0.02 0.09
21 PSR 38 0.02 0.09
21 PSR 39 0.02 0.09
21 PSR 40 0.02 0.09
21 PSR 41 0.02 0.09
21 PSR 42 0.02 0.09
21 PSR 43 0.02 0.09
21 PSR 44 0.02 0.09
21 PSR 45 0.02 0.09
21 PSR 46 0.02 0.09
21 PSR 47 0.02 0.09
21 PSR 48 0.02 0.09
21 PSR 49 0.02 0.09
21 PSR 50 0.02 0.09
21 PSR 51 0.01 0.09
21 PSR 52 0.01 0.09
21 PSR 53 0.01 0.09
21 PSR 54 0.01 0.09
21 PSR 55 0.01 0.09
21 PSR 56 0.01 0.09
21 PSR 57 0.01 0.09
21 PSR 58 0.01 0.09
21 PSR 59 0.01 0.09
21 PSR 60 0.01 0.09
21 PSR 61 0.01 0.09
21 PSR 62 0.01 0.09
21 PSR 63 0.01 0.09
21 PSR 64 0.01 0.09
21 PSR 65 0.01 0.09
21 PSR 66 0.01 0.09
21 PSR 67 0.01 0.09
21 PSR 68 0.01 0.09
21 PSR 69 0.01 0.09
21 PSR 70 0.01 0.09
21 PSR 71 0.01 0.09
21 PSR 72 0.01 0.09
21 PSR 73 0.01 0.09
21 PSR 74 0.01 0.09
21 PSR 75 0.01 0.09
21 PSR 76 0.01 0.09
21 PSR 77 0.01 0.09
21 PSR 78 0.01 0.09
21 PSR 79 0.01 0.09
21 PSR 80 0.01 0.09
21 PSR 81 0.01 0.09
21 PSR 82 0.01 0.09
21 PSR 83 0.01 0.09
21 PSR 84 0.01 0.09
21 PSR 85 0.01 0.09
21 PSR 86 0.01 0.09
21 PSR 87 0.02 0.18
21 PSR 88 0.02 0.18
21 PSR 89 0.02 0.18
21 PSR 90 0.02 0.18
21 PSR 91 0.02 0.18
21 PSR 92 0.02 0.18
21 PSR 93 0.02 0.18
21 PSR 94 0.02 0.18
21 PSR 95 0.02 0.18
21 PSR 96 0.02 0.18
21 PSR 97 0.02 0.18
21 PSR 98 0.02 0.18
21 PSR 99 0.02 0.18
21 PSR 100 0.02 0.18
22 PSR 1 0 0
22 PSR 2 0 0
22 PSR 3 0 0
22 PSR 4 0 0
22 PSR 5 0 0
22 PSR 6 0 0
22 PSR 7 0 0
22 PSR 8 0 0
22 PSR 9 0 0
22 PSR 10 0 0
22 PSR 11 0 0
22 PSR 12 0 0
22 PSR 13 0 0
22 PSR 14 0 0
22 PSR 15 0 0
22 PSR 16 0 0
22 PSR 17 0 0
22 PSR 18 0 0
22 PSR 19 0 0
22 PSR 20 0 0
22 PSR 21 0 0
22 PSR 22 0 0
22 PSR 23 0 0
22 PSR 24 0 0
22 PSR 25 0 0
22 PSR 26 0 0
22 PSR 27 0 0
22 PSR 28 0 0
22 PSR 29 0 0
22 PSR 30 0 0
22 PSR 31 0 0
22 PSR 32 0 0
22 PSR 33 0 0
22 PSR 34 0 0
22 PSR 35 0 0
22 PSR 36 0 0
22 PSR 37 0 0
22 PSR 38 0 0
22 PSR 39 0 0
22 PSR 40 0 0
22 PSR 41 0 0
22 PSR 42 0 0
22 PSR 43 0 0
22 PSR 44 0 0
22 PSR 45 0 0
22 PSR 46 0 0
22 PSR 47 0 0
22 PSR 48 0 0
22 PSR 49 0 0
22 PSR 50 0 0
22 PSR 51 0 0
22 PSR 52 0 0
22 PSR 53 0 0
22 PSR 54 0 0
22 PSR 55 0 0
22 PSR 56 0 0
22 PSR 57 0 0
22 PSR 58 0 0
22 PSR 59 0 0
22 PSR 60 0 0
22 PSR 61 0 0
22 PSR 62 0 0
22 PSR 63 0 0
22 PSR 64 0 0
22 PSR 65 0 0
22 PSR 66 0 0
22 PSR 67 0 0
22 PSR 68 0 0
22 PSR 69 0 0
22 PSR 70 0 0
22 PSR 71 0 0
22 PSR 72 0 0
22 PSR 73 0 0
22 PSR 74 0 0
22 PSR 75 0 0
22 PSR 76 0 0
22 PSR 77 0 0
22 PSR 78 0 0
22 PSR 79 0 0
22 PSR 80 0 0
22 PSR 81 0 0
22 PSR 82 0 0
22 PSR 83 0 0
22 PSR 84 0 0
22 PSR 85 0 0
22 PSR 86 0 0
22 PSR 87 0 0
22 PSR 88 0 0
22 PSR 89 0 0
22 PSR 90 0 0
22 PSR 91 0 0
22 PSR 92 0 0
22 PSR 93 0 0
22 PSR 94 0 0
22 PSR 95 0 0
22 PSR 96 0 0
22 PSR 97 0 0
22 PSR 98 0 0
22 PSR 99 0 0
22 PSR 100 0 0
23 PSR 1 0 0
23 PSR 2 0 0
23 PSR 3 0 0
23 PSR 4 0 0
23 PSR 5 0 0
23 PSR 6 0 0
23 PSR 7 0 0
23 PSR 8 0 0
23 PSR 9 0 0
23 PSR 10 0 0
23 PSR 11 0 0
23 PSR 12 0 0
23 PSR 13 0 0
23 PSR 14 0 0
23 PSR 15 0 0
23 PSR 16 0 0
23 PSR 17 0 0
23 PSR 18 0 0
23 PSR 19 0 0
23 PSR 20 0 0
23 PSR 21 0 0
23 PSR 22 0 0
23 PSR 23 0 0
23 PSR 24 0 0
23 PSR 25 0 0
23 PSR 26 0 0
23 PSR 27 0 0
23 PSR 28 0 0
23 PSR 29 0 0
23 PSR 30 0 0
23 PSR 31 0 0
23 PSR 32 0 0
23 PSR 33 0 0
23 PSR 34 0 0
23 PSR 35 0 0
23 PSR 36 0 0
23 PSR 37 0 0
23 PSR 38 0 0
23 PSR 39 0 0
23 PSR 40 0 0
23 PSR 41 0 0
23 PSR 42 0 0
23 PSR 43 0 0
23 PSR 44 0 0
23 PSR 45 0 0
23 PSR 46 0 0
23 PSR 47 0 0
23 PSR 48 0 0
23 PSR 49 0 0
23 PSR 50 0 0
23 PSR 51 0 0
23 PSR 52 0 0
23 PSR 53 0 0
23 PSR 54 0 0
23 PSR 55 0 0
23 PSR 56 0 0
23 PSR 57 0 0
23 PSR 58 0 0
23 PSR 59 0 0
23 PSR 60 0 0
23 PSR 61 0 0
23 PSR 62 0 0
23 PSR 63 0 0
23 PSR 64 0 0
23 PSR 65 0 0
23 PSR 66 0 0
23 PSR 67 0 0
23 PSR 68 0 0
23 PSR 69 0 0
23 PSR 70 0 0
23 PSR 71 0 0
23 PSR 72 0 0
23 PSR 73 0 0
23 PSR 74 0 0
23 PSR 75 0 0
23 PSR 76 0 0
23 PSR 77 0 0
23 PSR 78 0 0
23 PSR 79 0 0
23 PSR 80 0 0
23 PSR 81 0 0
23 PSR 82 0 0
23 PSR 83 0 0
23 PSR 84 0 0
23 PSR 85 0 0
23 PSR 86 0 0
23 PSR 87 0 0
23 PSR 88 0 0
23 PSR 89 0 0
23 PSR 90 0 0
23 PSR 91 0 0
23 PSR 92 0 0
23 PSR 93 0 0
23 PSR 94 0 0
23 PSR 95 0 0
23 PSR 96 0 0
23 PSR 97 0 0
23 PSR 98 0 0
23 PSR 99 0 0
23 PSR 100 0 0
24 PSR 1 0 0
24 PSR 2 0 0
24 PSR 3 0 0
24 PSR 4 0 0
24 PSR 5 0 0
24 PSR 6 0 0
24 PSR 7 0 0
24 PSR 8 0 0
24 PSR 9 0 0
24 PSR 10 0 0
24 PSR 11 0 0
24 PSR 12 0 0
24 PSR 13 0 0
24 PSR 14 0 0
24 PSR 15 0 0
24 PSR 16 0 0
24 PSR 17 0 0
24 PSR 18 0 0
24 PSR 19 0 0
24 PSR 20 0 0
24 PSR 21 0 0
24 PSR 22 0 0
24 PSR 23 0 0
24 PSR 24 0 0
24 PSR 25 0 0
24 PSR 26 0 0
24 PSR 27 0 0
24 PSR 28 0 0
24 PSR 29 0 0
24 PSR 30 0 0
24 PSR 31 0 0
24 PSR 32 0 0
24 PSR 33 0 0
24 PSR 34 0 0
24 PSR 35 0 0
24 PSR 36 0 0
24 PSR 37 0 0
24 PSR 38 0 0
24 PSR 39 0 0
24 PSR 40 0 0
24 PSR 41 0 0
24 PSR 42 0 0
24 PSR 43 0 0
24 PSR 44 0 0
24 PSR 45 0 0
24 PSR 46 0 0
24 PSR 47 0 0
24 PSR 48 0 0
24 PSR 49 0 0
24 PSR 50 0 0
24 PSR 51 0 0
24 PSR 52 0 0
24 PSR 53 0 0
24 PSR 54 0 0
24 PSR 55 0 0
24 PSR 56 0 0
24 PSR 57 0 0
24 PSR 58 0 0
24 PSR 59 0 0
24 PSR 60 0 0
24 PSR 61 0 0
24 PSR 62 0 0
24 PSR 63 0 0
24 PSR 64 0 0
24 PSR 65 0 0
24 PSR 66 0 0
24 PSR 67 0 0
24 PSR 68 0 0
24 PSR 69 0 0
24 PSR 70 0 0
24 PSR 71 0 0
24 PSR 72 0 0
24 PSR 73 0 0
24 PSR 74 0 0
24 PSR 75 0 0
24 PSR 76 0 0
24 PSR 77 0 0
24 PSR 78 0 0
24 PSR 79 0 0
24 PSR 80 0 0
24 PSR 81 0 0
24 PSR 82 0 0
24 PSR 83 0 0
24 PSR 84 0 0
24 PSR 85 0 0
24 PSR 86 0 0
24 PSR 87 0 0
24 PSR 88 0 0
24 PSR 89 0 0
24 PSR 90 0 0
24 PSR 91 0.01 0.07
24 PSR 92 0.01 0.07
24 PSR 93 0.01 0.07
24 PSR 94 0.01 0.07
24 PSR 95 0.01 0.07
24 PSR 96 0.01 0.07
24 PSR 97 0.01 0.07
24 PSR 98 0.01 0.07
24 PSR 99 0.01 0.07
25 PSR 1 0 0
25 PSR 2 0 0
25 PSR 3 0 0
25 PSR 4 0 0
25 PSR 5 0 0
25 PSR 6 0 0
25 PSR 7 0 0
25 PSR 8 0 0
25 PSR 9 0 0
25 PSR 10 0 0
25 PSR 11 0 0
25 PSR 12 0 0
25 PSR 13 0 0
25 PSR 14 0 0
25 PSR 15 0 0
25 PSR 16 0 0
25 PSR 17 0 0
25 PSR 18 0 0
25 PSR 19 0 0
25 PSR 20 0 0
25 PSR 21 0 0
25 PSR 22 0 0
25 PSR 23 0 0
25 PSR 24 0 0
25 PSR 25 0 0
25 PSR 26 0 0
25 PSR 27 0 0
25 PSR 28 0 0
25 PSR 29 0 0
25 PSR 30 0 0
25 PSR 31 0 0
25 PSR 32 0 0
25 PSR 33 0 0
25 PSR 34 0 0
25 PSR 35 0 0
25 PSR 36 0 0
25 PSR 37 0 0
25 PSR 38 0 0
25 PSR 39 0 0
25 PSR 40 0 0
25 PSR 41 0 0
25 PSR 42 0 0
25 PSR 43 0 0
25 PSR 44 0 0
25 PSR 45 0 0
25 PSR 46 0 0
25 PSR 47 0 0
25 PSR 48 0 0
25 PSR 49 0 0
25 PSR 50 0 0
25 PSR 51 0 0
25 PSR 52 0 0
25 PSR 53 0 0
25 PSR 54 0 0
25 PSR 55 0 0
25 PSR 56 0 0
25 PSR 57 0 0
25 PSR 58 0 0
25 PSR 59 0 0
25 PSR 60 0 0
25 PSR 61 0 0
25 PSR 62 0 0
25 PSR 63 0 0
25 PSR 64 0 0
25 PSR 65 0 0
25 PSR 66 0 0
25 PSR 67 0 0
25 PSR 68 0 0
25 PSR 69 0 0
25 PSR 70 0 0
25 PSR 71 0 0
25 PSR 72 0.01 0.01
25 PSR 73 0.01 0.01
25 PSR 74 0.01 0.01
25 PSR 75 0.01 0.01
25 PSR 76 0.01 0.01
25 PSR 77 0.01 0.01
25 PSR 78 0.01 0.01
25 PSR 79 0.01 0.01
25 PSR 80 0.01 0.01
25 PSR 81 0.01 0.01
25 PSR 82 0.01 0.01
25 PSR 83 0.01 0.01
25 PSR 84 0.01 0.01
25 PSR 85 0.01 0.01
25 PSR 86 0.01 0.01
25 PSR 87 0.01 0.01
25 PSR 88 0.01 0.01
25 PSR 89 0.01 0.01
25 PSR 90 0.01 0.01
25 PSR 91 0.01 0.01
25 PSR 92 0.01 0.01
25 PSR 93 0.01 0.01
25 PSR 94 0.01 0.01
25 PSR 95 0.01 0.01
25 PSR 96 0.01 0.01
25 PSR 97 0.01 0.01
25 PSR 98 0.01 0.01
25 PSR 99 0.01 0.01
25 PSR 100 0.01 0.01
26 PSR 1 0 0
26 PSR 2 0 0
26 PSR 3 0 0
26 PSR 4 0 0
26 PSR 5 0 0
26 PSR 6 0.16 0.03
26 PSR 7 0.14 0.03
26 PSR 8 0.12 0.03
26 PSR 9 0.11 0.03
26 PSR 10 0.1 0.03
26 PSR 11 0.09 0.03
26 PSR 12 0.08 0.03
26 PSR 13 0.07 0.03
26 PSR 14 0.07 0.03
26 PSR 15 0.06 0.03
26 PSR 16 0.06 0.03
26 PSR 17 0.05 0.03
26 PSR 18 0.05 0.03
26 PSR 19 0.05 0.03
26 PSR 20 0.05 0.03
26 PSR 21 0.04 0.03
26 PSR 22 0.04 0.03
26 PSR 23 0.04 0.03
26 PSR 24 0.04 0.03
26 PSR 25 0.04 0.03
26 PSR 26 0.03 0.03
26 PSR 27 0.03 0.03
26 PSR 28 0.03 0.03
26 PSR 29 0.03 0.03
26 PSR 30 0.03 0.03
26 PSR 31 0.03 0.03
26 PSR 32 0.03 0.03
26 PSR 33 0.03 0.03
26 PSR 34 0.02 0.03
26 PSR 35 0.02 0.03
26 PSR 36 0.02 0.03
26 PSR 37 0.02 0.03
26 PSR 38 0.02 0.03
26 PSR 39 0.02 0.03
26 PSR 40 0.02 0.03
26 PSR 41 0.02 0.03
26 PSR 42 0.02 0.03
26 PSR 43 0.02 0.03
26 PSR 44 0.02 0.03
26 PSR 45 0.02 0.03
26 PSR 46 0.02 0.03
26 PSR 47 0.02 0.03
26 PSR 48 0.02 0.03
26 PSR 49 0.02 0.03
26 PSR 50 0.02 0.03
26 PSR 51 0.01 0.03
26 PSR 52 0.01 0.03
26 PSR 53 0.01 0.03
26 PSR 54 0.01 0.03
26 PSR 55 0.01 0.03
26 PSR 56 0.01 0.03
26 PSR 57 0.01 0.03
26 PSR 58 0.01 0.03
26 PSR 59 0.01 0.03
26 PSR 60 0.01 0.03
26 PSR 61 0.01 0.03
26 PSR 62 0.01 0.03
26 PSR 63 0.01 0.03
26 PSR 64 0.01 0.03
26 PSR 65 0.01 0.03
26 PSR 66 0.01 0.03
26 PSR 67 0.01 0.03
26 PSR 68 0.01 0.03
26 PSR 69 0.02 0.06
26 PSR 70 0.02 0.06
26 PSR 71 0.02 0.06
26 PSR 72 0.02 0.06
26 PSR 73 0.02 0.06
26 PSR 74 0.02 0.06
26 PSR 75 0.02 0.06
26 PSR 76 0.02 0.06
26 PSR 77 0.02 0.06
26 PSR 78 0.02 0.06
26 PSR 79 0.02 0.06
26 PSR 80 0.02 0.06
26 PSR 81 0.02 0.06
26 PSR 82 0.02 0.06
26 PSR 83 0.02 0.06
26 PSR 84 0.02 0.06
26 PSR 85 0.02 0.06
26 PSR 86 0.02 0.06
26 PSR 87 0.02 0.06
26 PSR 88 0.02 0.06
26 PSR 89 0.02 0.06
26 PSR 90 0.02 0.06
26 PSR 91 0.02 0.06
26 PSR 92 0.02 0.06
26 PSR 93 0.02 0.06
26 PSR 94 0.02 0.06
26 PSR 95 0.02 0.06
26 PSR 96 0.02 0.06
26 PSR 97 0.02 0.06
26 PSR 98 0.02 0.06
26 PSR 99 0.02 0.06
26 PSR 100 0.02 0.06
27 PSR 1 0 0
27 PSR 2 0 0
27 PSR 3 0 0
27 PSR 4 0 0
27 PSR 5 0 0
27 PSR 6 0 0
27 PSR 7 0 0
27 PSR 8 0 0
27 PSR 9 0 0
27 PSR 10 0 0
27 PSR 11 0 0
27 PSR 12 0 0
27 PSR 13 0 0
27 PSR 14 0 0
27 PSR 15 0 0
27 PSR 16 0 0
27 PSR 17 0 0
27 PSR 18 0 0
27 PSR 19 0 0
27 PSR 20 0 0
27 PSR 21 0 0
27 PSR 22 0 0
27 PSR 23 0 0
27 PSR 24 0 0
27 PSR 25 0 0
27 PSR 26 0 0
27 PSR 27 0 0
27 PSR 28 0 0
27 PSR 29 0 0
27 PSR 30 0 0
27 PSR 31 0 0
27 PSR 32 0 0
27 PSR 33 0 0
27 PSR 34 0 0
27 PSR 35 0 0
27 PSR 36 0 0
27 PSR 37 0 0
27 PSR 38 0 0
27 PSR 39 0 0
27 PSR 40 0 0
27 PSR 41 0 0
27 PSR 42 0 0
27 PSR 43 0 0
27 PSR 44 0 0
27 PSR 45 0 0
27 PSR 46 0 0
27 PSR 47 0 0
27 PSR 48 0 0
27 PSR 49 0 0
27 PSR 50 0 0
27 PSR 51 0 0
27 PSR 52 0.01 0.03
27 PSR 53 0.01 0.03
27 PSR 54 0.01 0.03
27 PSR 55 0.01 0.03
27 PSR 56 0.01 0.03
27 PSR 57 0.01 0.03
27 PSR 58 0.01 0.03
27 PSR 59 0.01 0.03
27 PSR 60 0.01 0.03
27 PSR 61 0.01 0.03
27 PSR 62 0.01 0.03
27 PSR 63 0.01 0.03
27 PSR 64 0.01 0.03
27 PSR 65 0.01 0.03
27 PSR 66 0.01 0.03
27 PSR 67 0.01 0.03
27 PSR 68 0.01 0.03
27 PSR 69 0.01 0.03
27 PSR 70 0.01 0.03
27 PSR 71 0.01 0.03
27 PSR 72 0.01 0.03
27 PSR 73 0.01 0.03
27 PSR 74 0.01 0.03
27 PSR 75 0.01 0.03
27 PSR 76 0.01 0.03
27 PSR 77 0.01 0.03
27 PSR 78 0.01 0.03
27 PSR 79 0.01 0.03
27 PSR 80 0.01 0.03
27 PSR 81 0.01 0.03
27 PSR 82 0.01 0.03
27 PSR 83 0.01 0.03
27 PSR 84 0.01 0.03
27 PSR 85 0.01 0.03
27 PSR 86 0.01 0.03
27 PSR 87 0.01 0.03
27 PSR 88 0.01 0.03
27 PSR 89 0.01 0.03
27 PSR 90 0.01 0.03
27 PSR 91 0.01 0.03
27 PSR 92 0.01 0.03
27 PSR 93 0.01 0.03
27 PSR 94 0.01 0.03
27 PSR 95 0.01 0.03
27 PSR 96 0.01 0.03
27 PSR 97 0.01 0.03
27 PSR 98 0.01 0.03
27 PSR 99 0.01 0.03
27 PSR 100 0.01 0.03
28 PSR 1 1 0.2
28 PSR 2 0.5 0.2
28 PSR 3 0.33 0.2
28 PSR 4 0.25 0.2
28 PSR 5 0.2 0.2
28 PSR 6 0.16 0.2
28 PSR 7 0.14 0.2
28 PSR 8 0.12 0.2
28 PSR 9 0.11 0.2
28 PSR 10 0.1 0.2
28 PSR 11 0.09 0.2
28 PSR 12 0.08 0.2
28 PSR 13 0.07 0.2
28 PSR 14 0.07 0.2
28 PSR 15 0.06 0.2
28 PSR 16 0.06 0.2
28 PSR 17 0.05 0.2
28 PSR 18 0.05 0.2
28 PSR 19 0.05 0.2
28 PSR 20 0.05 0.2
28 PSR 21 0.04 0.2
28 PSR 22 0.04 0.2
28 PSR 23 0.04 0.2
28 PSR 24 0.04 0.2
28 PSR 25 0.04 0.2
28 PSR 26 0.03 0.2
28 PSR 27 0.03 0.2
28 PSR 28 0.03 0.2
28 PSR 29 0.03 0.2
28 PSR 30 0.03 0.2
28 PSR 31 0.03 0.2
28 PSR 32 0.03 0.2
28 PSR 33 0.03 0.2
28 PSR 34 0.02 0.2
28 PSR 35 0.02 0.2
28 PSR 36 0.02 0.2
28 PSR 37 0.02 0.2
28 PSR 38 0.02 0.2
28 PSR 39 0.02 0.2
28 PSR 40 0.02 0.2
28 PSR 41 0.02 0.2
28 PSR 42 0.02 0.2
28 PSR 43 0.02 0.2
28 PSR 44 0.02 0.2
28 PSR 45 0.02 0.2
28 PSR 46 0.02 0.2
28 PSR 47 0.02 0.2
28 PSR 48 0.02 0.2
28 PSR 49 0.02 0.2
28 PSR 50 0.02 0.2
28 PSR 51 0.01 0.2
28 PSR 52 0.01 0.2
28 PSR 53 0.01 0.2
28 PSR 54 0.01 0.2
28 PSR 55 0.01 0.2
28 PSR 56 0.01 0.2
28 PSR 57 0.01 0.2
28 PSR 58 0.01 0.2
28 PSR 59 0.01 0.2
28 PSR 60 0.01 0.2
28 PSR 61 0.01 0.2
28 PSR 62 0.01 0.2
28 PSR 63 0.01 0.2
28 PSR 64 0.01 0.2
28 PSR 65 0.01 0.2
28 PSR 66 0.01 0.2
28 PSR 67 0.01 0.2
28 PSR 68 0.01 0.2
28 PSR 69 0.01 0.2
28 PSR 70 0.01 0.2
28 PSR 71 0.01 0.2
28 PSR 72 0.01 0.2
28 PSR 73 0.01 0.2
28 PSR 74 0.01 0.2
28 PSR 75 0.01 0.2
28 PSR 76 0.01 0.2
28 PSR 77 0.01 0.2
28 PSR 78 0.01 0.2
28 PSR 79 0.01 0.2
28 PSR 80 0.01 0.2
28 PSR 81 0.01 0.2
28 PSR 82 0.01 0.2
28 PSR 83 0.01 0.2
28 PSR 84 0.01 0.2
28 PSR 85 0.01 0.2
28 PSR 86 0.01 0.2
28 PSR 87 0.01 0.2
28 PSR 88 0.01 0.2
28 PSR 89 0.01 0.2
28 PSR 90 0.01 0.2
28 PSR 91 0.01 0.2
28 PSR 92 0.01 0.2
28 PSR 93 0.01 0.2
28 PSR 94 0.01 0.2
28 PSR 95 0.01 0.2
28 PSR 96 0.01 0.2
28 PSR 97 0.01 0.2
28 PSR 98 0.01 0.2
28 PSR 99 0.01 0.2
28 PSR 100 0.01 0.2
29 PSR 1 0 0
29 PSR 2 0 0
29 PSR 3 0 0
29 PSR 4 0 0
29 PSR 5 0 0
29 PSR 6 0 0
29 PSR 7 0 0
29 PSR 8 0 0
29 PSR 9 0 0
29 PSR 10 0 0
29 PSR 11 0 0
29 PSR 12 0 0
29 PSR 13 0.07 0.05
29 PSR 14 0.07 0.05
29 PSR 15 0.06 0.05
29 PSR 16 0.06 0.05
29 PSR 17 0.05 0.05
29 PSR 18 0.05 0.05
29 PSR 19 0.05 0.05
29 PSR 20 0.05 0.05
29 PSR 21 0.04 0.05
29 PSR 22 0.04 0.05
29 PSR 23 0.04 0.05
29 PSR 24 0.04 0.05
29 PSR 25 0.04 0.05
29 PSR 26 0.03 0.05
29 PSR 27 0.03 0.05
29 PSR 28 0.03 0.05
29 PSR 29 0.03 0.05
29 PSR 30 0.03 0.05
29 PSR 31 0.03 0.05
29 PSR 32 0.03 0.05
29 PSR 33 0.03 0.05
29 PSR 34 0.02 0.05
29 PSR 35 0.02 0.05
29 PSR 36 0.02 0.05
29 PSR 37 0.02 0.05
29 PSR 38 0.02 0.05
29 PSR 39 0.02 0.05
29 PSR 40 0.02 0.05
29 PSR 41 0.02 0.05
29 PSR 42 0.02 0.05
29 PSR 43 0.02 0.05
29 PSR 44 0.02 0.05
29 PSR 45 0.02 0.05
29 PSR 46 0.02 0.05
29 PSR 47 0.02 0.05
29 PSR 48 0.02 0.05
29 PSR 49 0.02 0.05
29 PSR 50 0.02 0.05
29 PSR 51 0.01 0.05
29 PSR 52 0.01 0.05
29 PSR 53 0.01 0.05
29 PSR 54 0.01 0.05
29 PSR 55 0.01 0.05
29 PSR 56 0.01 0.05
29 PSR 57 0.01 0.05
29 PSR 58 0.01 0.05
29 PSR 59 0.01 0.05
29 PSR 60 0.01 0.05
29 PSR 61 0.01 0.05
29 PSR 62 0.01 0.05
29 PSR 63 0.01 0.05
29 PSR 64 0.01 0.05
29 PSR 65 0.01 0.05
29 PSR 66 0.01 0.05
29 PSR 67 0.01 0.05
29 PSR 68 0.01 0.05
29 PSR 69 0.01 0.05
29 PSR 70 0.01 0.05
29 PSR 71 0.01 0.05
29 PSR 72 0.01 0.05
29 PSR 73 0.01 0.05
29 PSR 74 0.01 0.05
29 PSR 75 0.01 0.05
29 PSR 76 0.01 0.05
29 PSR 77 0.01 0.05
29 PSR 78 0.01 0.05
29 PSR 79 0.01 0.05
29 PSR 80 0.01 0.05
29 PSR 81 0.01 0.05
29 PSR 82 0.01 0.05
29 PSR 83 0.01 0.05
29 PSR 84 0.01 0.05
29 PSR 85 0.01 0.05
29 PSR 86 0.01 0.05
29 PSR 87 0.01 0.05
29 PSR 88 0.01 0.05
29 PSR 89 0.01 0.05
29 PSR 90 0.01 0.05
29 PSR 91 0.01 0.05
29 PSR 92 0.01 0.05
29 PSR 93 0.01 0.05
29 PSR 94 0.01 0.05
29 PSR 95 0.01 0.05
29 PSR 96 0.01 0.05
29 PSR 97 0.01 0.05
29 PSR 98 0.01 0.05
29 PSR 99 0.01 0.05
29 PSR 100 0.01 0.05
30 PSR 1 0 0
30 PSR 2 0 0
30 PSR 3 0 0
30 PSR 4 0 0
30 PSR 5 0 0
30 PSR 6 0 0
30 PSR 7 0 0
30 PSR 8 0 0
30 PSR 9 0 0
30 PSR 10 0 0
30 PSR 11 0 0
30 PSR 12 0 0
30 PSR 13 0 0
30 PSR 14 0 0
30 PSR 15 0 0
30 PSR 16 0 0
30 PSR 17 0 0
30 PSR 18 0 0
30 PSR 19 0 0
30 PSR 20 0 0
30 PSR 21 0 0
30 PSR 22 0 0
30 PSR 23 0 0
30 PSR 24 0 0
30 PSR 25 0 0
30 PSR 26 0 0
30 PSR 27 0 0
30 PSR 28 0 0
30 PSR 29 0 0
30 PSR 30 0 0
30 PSR 31 0 0
30 PSR 32 0 0
30 PSR 33 0 0
30 PSR 34 0 0
30 PSR 35 0 0
30 PSR 36 0 0
30 PSR 37 0 0
30 PSR 38 0 0
30 PSR 39 0 0
30 PSR 40 0 0
30 PSR 41 0 0
30 PSR 42 0 0
30 PSR 43 0 0
30 PSR 44 0.02 0.25
30 PSR 45 0.02 0.25
30 PSR 46 0.02 0.25
30 PSR 47 0.02 0.25
30 PSR 48 0.02 0.25
30 PSR 49 0.02 0.25
30 PSR 50 0.02 0.25
30 PSR 51 0.01 0.25
30 PSR 52 0.01 0.25
30 PSR 53 0.01 0.25
30 PSR 54 0.01 0.25
30 PSR 55 0.01 0.25
30 PSR 56 0.01 0.25
30 PSR 57 0.01 0.25
30 PSR 58 0.01 0.25
30 PSR 59 0.01 0.25
30 PSR 60 0.01 0.25
30 PSR 61 0.01 0.25
30 PSR 62 0.01 0.25
30 PSR 63 0.01 0.25
30 PSR 64 0.01 0.25
30 PSR 65 0.01 0.25
30 PSR 66 0.01 0.25
30 PSR 67 0.01 0.25
30 PSR 68 0.01 0.25
30 PSR 69 0.01 0.25
30 PSR 70 0.01 0.25
30 PSR 71 0.01 0.25
30 PSR 72 0.01 0.25
30 PSR 73 0.01 0.25
30 PSR 74 0.01 0.25
30 PSR 75 0.01 0.25
30 PSR 76 0.01 0.25
30 PSR 77 0.01 0.25
30 PSR 78 0.01 0.25
30 PSR 79 0.01 0.25
30 PSR 80 0.01 0.25
30 PSR 81 0.01 0.25
30 PSR 82 0.01 0.25
30 PSR 83 0.01 0.25
30 PSR 84 0.01 0.25
30 PSR 85 0.01 0.25
30 PSR 86 0.01 0.25
30 PSR 87 0.01 0.25
30 PSR 88 0.01 0.25
30 PSR 89 0.01 0.25
30 PSR 90 0.01 0.25
30 PSR 91 0.01 0.25
30 PSR 92 0.01 0.25
30 PSR 93 0.01 0.25
30 PSR 94 0.01 0.25
30 PSR 95 0.01 0.25
30 PSR 96 0.01 0.25
30 PSR 97 0.01 0.25
30 PSR 98 0.01 0.25
30 PSR 99 0.01 0.25
30 PSR 100 0.01 0.25
31 PSR 1 0 0
31 PSR 2 0 0
31 PSR 3 0 0
31 PSR 4 0 0
31 PSR 5 0 0
31 PSR 6 0 0
31 PSR 7 0 0
31 PSR 8 0 0
31 PSR 9 0 0
31 PSR 10 0 0
31 PSR 11 0 0
31 PSR 12 0 0
31 PSR 13 0 0
31 PSR 14 0 0
31 PSR 15 0 0
31 PSR 16 0 0
31 PSR 17 0 0
31 PSR 18 0 0
31 PSR 19 0 0
31 PSR 20 0 0
31 PSR 21 0 0
31 PSR 22 0 0
31 PSR 23 0 0
31 PSR 24 0 0
31 PSR 25 0 0
31 PSR 26 0 0
31 PSR 27 0 0
31 PSR 28 0 0
31 PSR 29 0 0
31 PSR 30 0 0
31 PSR 31 0 0
31 PSR 32 0 0
31 PSR 33 0 0
31 PSR 34 0 0
31 PSR 35 0 0
31 PSR 36 0 0
31 PSR 37 0 0
31 PSR 38 0 0
31 PSR 39 0 0
31 PSR 40 0 0
31 PSR 41 0 0
31 PSR 42 0 0
31 PSR 43 0 0
31 PSR 44 0 0
31 PSR 45 0 0
31 PSR 46 0 0
31 PSR 47 0 0
31 PSR 48 0 0
31 PSR 49 0 0
31 PSR 50 0 0
31 PSR 51 0 0
31 PSR 52 0 0
31 PSR 53 0 0
31 PSR 54 0 0
31 PSR 55 0 0
31 PSR 56 0 0
31 PSR 57 0 0
31 PSR 58 0 0
31 PSR 59 0 0
31 PSR 60 0 0
31 PSR 61 0 0
31 PSR 62 0 0
31 PSR 63 0 0
31 PSR 64 0 0
31 PSR 65 0 0
31 PSR 66 0 0
31 PSR 67 0 0
31 PSR 68 0 0
31 PSR 69 0 0
31 PSR 70 0 0
31 PSR 71 0 0
31 PSR 72 0 0
31 PSR 73 0 0
31 PSR 74 0 0
31 PSR 75 0 0
31 PSR 76 0 0
31 PSR 77 0 0
31 PSR 78 0 0
31 PSR 79 0 0
31 PSR 80 0 0
31 PSR 81 0 0
31 PSR 82 0 0
31 PSR 83 0 0
31 PSR 84 0 0
31 PSR 85 0 0
31 PSR 86 0 0
31 PSR 87 0 0
31 PSR 88 0 0
31 PSR 89 0 0
31 PSR 90 0 0
31 PSR 91 0 0
31 PSR 92 0 0
31 PSR 93 0 0
31 PSR 94 0 0
31 PSR 95 0 0
31 PSR 96 0 0
31 PSR 97 0 0
31 PSR 98 0 0
31 PSR 99 0 0
31 PSR 100 0 0
32 PSR 1 0 0
32 PSR 2 0 0
32 PSR 3 0 0
32 PSR 4 0 0
32 PSR 5 0 0
32 PSR 6 0 0
32 PSR 7 0 0
32 PSR 8 0 0
32 PSR 9 0 0
32 PSR 10 0 0
32 PSR 11 0 0
32 PSR 12 0 0
32 PSR 13 0 0
32 PSR 14 0 0
32 PSR 15 0 0
32 PSR 16 0 0
32 PSR 17 0 0
32 PSR 18 0 0
32 PSR 19 0 0
32 PSR 20 0 0
32 PSR 21 0 0
32 PSR 22 0 0
32 PSR 23 0 0
32 PSR 24 0 0
32 PSR 25 0 0
32 PSR 26 0 0
32 PSR 27 0 0
32 PSR 28 0 0
32 PSR 29 0 0
32 PSR 30 0 0
32 PSR 31 0 0
32 PSR 32 0 0
32 PSR 33 0 0
32 PSR 34 0 0
32 PSR 35 0 0
32 PSR 36 0 0
32 PSR 37 0 0
32 PSR 38 0 0
32 PSR 39 0 0
32 PSR 40 0 0
32 PSR 41 0 0
32 PSR 42 0 0
32 PSR 43 0 0
32 PSR 44 0 0
32 PSR 45 0 0
32 PSR 46 0 0
32 PSR 47 0 0
32 PSR 48 0 0
32 PSR 49 0 0
32 PSR 50 0 0
32 PSR 51 0 0
32 PSR 52 0 0
32 PSR 53 0 0
32 PSR 54 0 0
32 PSR 55 0 0
32 PSR 56 0 0
32 PSR 57 0 0
32 PSR 58 0 0
32 PSR 59 0 0
32 PSR 60 0 0
32 PSR 61 0 0
32 PSR 62 0 0
32 PSR 63 0 0
32 PSR 64 0 0
32 PSR 65 0 0
32 PSR 66 0 0
32 PSR 67 0 0
32 PSR 68 0 0
32 PSR 69 0 0
32 PSR 70 0 0
32 PSR 71 0 0
32 PSR 72 0 0
32 PSR 73 0 0
32 PSR 74 0 0
32 PSR 75 0 0
32 PSR 76 0 0
32 PSR 77 0 0
32 PSR 78 0 0
32 PSR 79 0 0
32 PSR 80 0 0
32 PSR 81 0 0
32 PSR 82 0 0
32 PSR 83 0 0
32 PSR 84 0 0
32 PSR 85 0 0
32 PSR 86 0 0
32 PSR 87 0 0
32 PSR 88 0 0
32 PSR 89 0 0
32 PSR 90 0 0
32 PSR 91 0 0
32 PSR 92 0 0
32 PSR 93 0 0
32 PSR 94 0 0
32 PSR 95 0 0
32 PSR 96 0 0
32 PSR 97 0 0
32 PSR 98 0 0
32 PSR 99 0 0
32 PSR 100 0 0
33 PSR 1 0 0
33 PSR 2 0 0
33 PSR 3 0 0
33 PSR 4 0 0
33 PSR 5 0 0
33 PSR 6 0 0
33 PSR 7 0 0
33 PSR 8 0 0
33 PSR 9 0 0
33 PSR 10 0 0
33 PSR 11 0 0
33 PSR 12 0 0
33 PSR 13 0 0
33 PSR 14 0 0
33 PSR 15 0 0
33 PSR 16 0 0
33 PSR 17 0 0
33 PSR 18 0 0
33 PSR 19 0 0
33 PSR 20 0 0
33 PSR 21 0 0
33 PSR 22 0 0
33 PSR 23 0 0
33 PSR 24 0 0
33 PSR 25 0 0
33 PSR 26 0 0
33 PSR 27 0 0
33 PSR 28 0 0
33 PSR 29 0 0
33 PSR 30 0 0
33 PSR 31 0 0
33 PSR 32 0 0
33 PSR 33 0 0
33 PSR 34 0 0
33 PSR 35 0 0
33 PSR 36 0 0
33 PSR 37 0 0
33 PSR 38 0 0
33 PSR 39 0 0
33 PSR 40 0 0
33 PSR 41 0 0
33 PSR 42 0 0
33 PSR 43 0 0
33 PSR 44 0 0
33 PSR 45 0 0
33 PSR 46 0 0
33 PSR 47 0 0
33 PSR 48 0 0
33 PSR 49 0 0
33 PSR 50 0 0
33 PSR 51 0 0
33 PSR 52 0 0
33 PSR 53 0 0
33 PSR 54 0 0
33 PSR 55 0 0
33 PSR 56 0 0
33 PSR 57 0 0
33 PSR 58 0 0
33 PSR 59 0 0
33 PSR 60 0 0
33 PSR 61 0 0
33 PSR 62 0 0
33 PSR 63 0 0
33 PSR 64 0 0
33 PSR 65 0 0
33 PSR 66 0 0
33 PSR 67 0 0
33 PSR 68 0 0
33 PSR 69 0 0
33 PSR 70 0 0
33 PSR 71 0 0
33 PSR 72 0 0
33 PSR 73 0 0
33 PSR 74 0 0
33 PSR 75 0 0
33 PSR 76 0 0
33 PSR 77 0 0
33 PSR 78 0 0
33 PSR 79 0 0
33 PSR 80 0 0
33 PSR 81 0 0
33 PSR 82 0 0
33 PSR 83 0 0
33 PSR 84 0 0
33 PSR 85 0 0
33 PSR 86 0 0
33 PSR 87 0 0
33 PSR 88 0 0
33 PSR 89 0 0
33 PSR 90 0 0
33 PSR 91 0 0
33 PSR 92 0 0
33 PSR 93 0 0
33 PSR 94 0 0
33 PSR 95 0 0
33 PSR 96 0 0
33 PSR 97 0 0
33 PSR 98 0 0
33 PSR 99 0 0
33 PSR 100 0 0
36 PSR 1 1 0.05
36 PSR 2 0.5 0.05
36 PSR 3 0.66 0.1
36 PSR 4 0.5 0.1
36 PSR 5 0.4 0.1
36 PSR 6 0.33 0.1
36 PSR 7 0.28 0.1
36 PSR 8 0.25 0.1
36 PSR 9 0.22 0.1
36 PSR 10 0.2 0.1
36 PSR 11 0.18 0.1
36 PSR 12 0.16 0.1
36 PSR 13 0.15 0.1
36 PSR 14 0.14 0.1
36 PSR 15 0.13 0.1
36 PSR 16 0.12 0.1
36 PSR 17 0.11 0.1
36 PSR 18 0.11 0.1
36 PSR 19 0.1 0.1
36 PSR 20 0.1 0.1
36 PSR 21 0.09 0.1
36 PSR 22 0.09 0.1
36 PSR 23 0.08 0.1
36 PSR 24 0.08 0.1
36 PSR 25 0.08 0.1
36 PSR 26 0.07 0.1
36 PSR 27 0.07 0.1
36 PSR 28 0.07 0.1
36 PSR 29 0.06 0.1
36 PSR 30 0.06 0.1
36 PSR 31 0.06 0.1
36 PSR 32 0.06 0.1
36 PSR 33 0.06 0.1
36 PSR 34 0.05 0.1
36 PSR 35 0.05 0.1
36 PSR 36 0.05 0.1
36 PSR 37 0.05 0.1
36 PSR 38 0.05 0.1
36 PSR 39 0.05 0.1
36 PSR 40 0.05 0.1
36 PSR 41 0.04 0.1
36 PSR 42 0.04 0.1
36 PSR 43 0.04 0.1
36 PSR 44 0.04 0.1
36 PSR 45 0.04 0.1
36 PSR 46 0.04 0.1
36 PSR 47 0.04 0.1
36 PSR 48 0.04 0.1
36 PSR 49 0.04 0.1
36 PSR 50 0.04 0.1
36 PSR 51 0.03 0.1
36 PSR 52 0.03 0.1
36 PSR 53 0.03 0.1
36 PSR 54 0.03 0.1
36 PSR 55 0.03 0.1
36 PSR 56 0.03 0.1
36 PSR 57 0.03 0.1
36 PSR 58 0.03 0.1
36 PSR 59 0.03 0.1
36 PSR 60 0.03 0.1
36 PSR 61 0.03 0.1
36 PSR 62 0.03 0.1
36 PSR 63 0.03 0.1
36 PSR 64 0.03 0.1
36 PSR 65 0.03 0.1
36 PSR 66 0.03 0.1
36 PSR 67 0.02 0.1
36 PSR 68 0.02 0.1
36 PSR 69 0.02 0.1
36 PSR 70 0.02 0.1
36 PSR 71 0.02 0.1
36 PSR 72 0.02 0.1
36 PSR 73 0.02 0.1
36 PSR 74 0.02 0.1
36 PSR 75 0.02 0.1
36 PSR 76 0.02 0.1
36 PSR 77 0.02 0.1
36 PSR 78 0.02 0.1
36 PSR 79 0.02 0.1
36 PSR 80 0.02 0.1
36 PSR 81 0.02 0.1
36 PSR 82 0.02 0.1
36 PSR 83 0.02 0.1
36 PSR 84 0.02 0.1
36 PSR 85 0.02 0.1
36 PSR 86 0.02 0.1
36 PSR 87 0.02 0.1
36 PSR 88 0.02 0.1
36 PSR 89 0.02 0.1
36 PSR 90 0.02 0.1
36 PSR 91 0.02 0.1
36 PSR 92 0.02 0.1
36 PSR 93 0.02 0.1
36 PSR 94 0.02 0.1
36 PSR 95 0.02 0.1
36 PSR 96 0.02 0.1
36 PSR 97 0.02 0.1
36 PSR 98 0.02 0.1
36 PSR 99 0.02 0.1
36 PSR 100 0.02 0.1
37 PSR 1 0 0
37 PSR 2 0 0
37 PSR 3 0 0
37 PSR 4 0 0
37 PSR 5 0 0
37 PSR 6 0.16 0.08
37 PSR 7 0.14 0.08
37 PSR 8 0.12 0.08
37 PSR 9 0.11 0.08
37 PSR 10 0.1 0.08
37 PSR 11 0.09 0.08
37 PSR 12 0.08 0.08
37 PSR 13 0.07 0.08
37 PSR 14 0.07 0.08
37 PSR 15 0.06 0.08
37 PSR 16 0.06 0.08
37 PSR 17 0.05 0.08
37 PSR 18 0.05 0.08
37 PSR 19 0.05 0.08
37 PSR 20 0.05 0.08
37 PSR 21 0.04 0.08
37 PSR 22 0.04 0.08
37 PSR 23 0.04 0.08
37 PSR 24 0.04 0.08
37 PSR 25 0.04 0.08
37 PSR 26 0.03 0.08
37 PSR 27 0.03 0.08
37 PSR 28 0.03 0.08
37 PSR 29 0.03 0.08
37 PSR 30 0.03 0.08
37 PSR 31 0.03 0.08
37 PSR 32 0.03 0.08
37 PSR 33 0.03 0.08
37 PSR 34 0.02 0.08
37 PSR 35 0.02 0.08
37 PSR 36 0.02 0.08
37 PSR 37 0.02 0.08
37 PSR 38 0.02 0.08
37 PSR 39 0.02 0.08
37 PSR 40 0.02 0.08
37 PSR 41 0.02 0.08
37 PSR 42 0.02 0.08
37 PSR 43 0.02 0.08
37 PSR 44 0.02 0.08
37 PSR 45 0.02 0.08
37 PSR 46 0.02 0.08
37 PSR 47 0.02 0.08
37 PSR 48 0.02 0.08
37 PSR 49 0.02 0.08
37 PSR 50 0.02 0.08
37 PSR 51 0.01 0.08
37 PSR 52 0.01 0.08
37 PSR 53 0.01 0.08
37 PSR 54 0.01 0.08
37 PSR 55 0.01 0.08
37 PSR 56 0.01 0.08
37 PSR 57 0.01 0.08
37 PSR 58 0.01 0.08
37 PSR 59 0.01 0.08
37 PSR 60 0.01 0.08
37 PSR 61 0.01 0.08
37 PSR 62 0.01 0.08
37 PSR 63 0.01 0.08
37 PSR 64 0.01 0.08
37 PSR 65 0.01 0.08
37 PSR 66 0.01 0.08
37 PSR 67 0.01 0.08
37 PSR 68 0.01 0.08
37 PSR 69 0.01 0.08
37 PSR 70 0.01 0.08
37 PSR 71 0.01 0.08
37 PSR 72 0.01 0.08
37 PSR 73 0.01 0.08
37 PSR 74 0.01 0.08
37 PSR 75 0.01 0.08
37 PSR 76 0.01 0.08
37 PSR 77 0.01 0.08
37 PSR 78 0.01 0.08
37 PSR 79 0.01 0.08
37 PSR 80 0.01 0.08
37 PSR 81 0.01 0.08
37 PSR 82 0.01 0.08
37 PSR 83 0.01 0.08
37 PSR 84 0.01 0.08
37 PSR 85 0.01 0.08
37 PSR 86 0.01 0.08
37 PSR 87 0.02 0.16
37 PSR 88 0.02 0.16
37 PSR 89 0.02 0.16
37 PSR 90 0.02 0.16
37 PSR 91 0.02 0.16
37 PSR 92 0.02 0.16
37 PSR 93 0.02 0.16
37 PSR 94 0.02 0.16
37 PSR 95 0.02 0.16
37 PSR 96 0.02 0.16
37 PSR 97 0.02 0.16
37 PSR 98 0.02 0.16
37 PSR 99 0.02 0.16
37 PSR 100 0.02 0.16
38 PSR 1 0 0
38 PSR 2 0 0
38 PSR 3 0 0
38 PSR 4 0 0
38 PSR 5 0 0
38 PSR 6 0 0
38 PSR 7 0 0
38 PSR 8 0 0
38 PSR 9 0 0
38 PSR 10 0.1 0.06
38 PSR 11 0.09 0.06
38 PSR 12 0.08 0.06
38 PSR 13 0.07 0.06
38 PSR 14 0.07 0.06
38 PSR 15 0.06 0.06
38 PSR 16 0.06 0.06
38 PSR 17 0.05 0.06
38 PSR 18 0.05 0.06
38 PSR 19 0.05 0.06
38 PSR 20 0.05 0.06
38 PSR 21 0.04 0.06
38 PSR 22 0.04 0.06
38 PSR 23 0.04 0.06
38 PSR 24 0.04 0.06
38 PSR 25 0.04 0.06
38 PSR 26 0.03 0.06
38 PSR 27 0.03 0.06
38 PSR 28 0.03 0.06
38 PSR 29 0.03 0.06
38 PSR 30 0.03 0.06
38 PSR 31 0.03 0.06
38 PSR 32 0.03 0.06
38 PSR 33 0.03 0.06
38 PSR 34 0.02 0.06
38 PSR 35 0.02 0.06
38 PSR 36 0.02 0.06
38 PSR 37 0.02 0.06
38 PSR 38 0.02 0.06
38 PSR 39 0.02 0.06
38 PSR 40 0.02 0.06
38 PSR 41 0.02 0.06
38 PSR 42 0.02 0.06
38 PSR 43 0.02 0.06
38 PSR 44 0.02 0.06
38 PSR 45 0.02 0.06
38 PSR 46 0.02 0.06
38 PSR 47 0.02 0.06
38 PSR 48 0.02 0.06
38 PSR 49 0.02 0.06
38 PSR 50 0.02 0.06
38 PSR 51 0.01 0.06
38 PSR 52 0.01 0.06
38 PSR 53 0.01 0.06
38 PSR 54 0.01 0.06
38 PSR 55 0.01 0.06
38 PSR 56 0.01 0.06
38 PSR 57 0.01 0.06
38 PSR 58 0.01 0.06
38 PSR 59 0.01 0.06
38 PSR 60 0.01 0.06
38 PSR 61 0.01 0.06
38 PSR 62 0.03 0.12
38 PSR 63 0.03 0.12
38 PSR 64 0.03 0.12
38 PSR 65 0.03 0.12
38 PSR 66 0.03 0.12
38 PSR 67 0.02 0.12
38 PSR 68 0.02 0.12
38 PSR 69 0.02 0.12
38 PSR 70 0.02 0.12
38 PSR 71 0.02 0.12
38 PSR 72 0.02 0.12
38 PSR 73 0.02 0.12
38 PSR 74 0.02 0.12
38 PSR 75 0.02 0.12
38 PSR 76 0.02 0.12
38 PSR 77 0.02 0.12
38 PSR 78 0.02 0.12
38 PSR 79 0.02 0.12
38 PSR 80 0.02 0.12
38 PSR 81 0.02 0.12
38 PSR 82 0.02 0.12
38 PSR 83 0.02 0.12
38 PSR 84 0.02 0.12
38 PSR 85 0.02 0.12
38 PSR 86 0.02 0.12
38 PSR 87 0.02 0.12
38 PSR 88 0.02 0.12
38 PSR 89 0.02 0.12
38 PSR 90 0.02 0.12
38 PSR 91 0.02 0.12
38 PSR 92 0.02 0.12
38 PSR 93 0.02 0.12
38 PSR 94 0.02 0.12
38 PSR 95 0.02 0.12
38 PSR 96 0.02 0.12
38 PSR 97 0.02 0.12
38 PSR 98 0.02 0.12
38 PSR 99 0.02 0.12
38 PSR 100 0.02 0.12
39 PSR 1 0 0
39 PSR 2 0.5 0.08
39 PSR 3 0.33 0.08
39 PSR 4 0.5 0.16
39 PSR 5 0.4 0.16
39 PSR 6 0.33 0.16
39 PSR 7 0.28 0.16
39 PSR 8 0.25 0.16
39 PSR 9 0.22 0.16
39 PSR 10 0.3 0.25
39 PSR 11 0.27 0.25
39 PSR 12 0.25 0.25
39 PSR 13 0.23 0.25
39 PSR 14 0.21 0.25
39 PSR 15 0.2 0.25
39 PSR 16 0.25 0.33
39 PSR 17 0.23 0.33
39 PSR 18 0.22 0.33
39 PSR 19 0.21 0.33
39 PSR 20 0.2 0.33
39 PSR 21 0.19 0.33
39 PSR 22 0.18 0.33
39 PSR 23 0.17 0.33
39 PSR 24 0.16 0.33
39 PSR 25 0.16 0.33
39 PSR 26 0.15 0.33
39 PSR 27 0.14 0.33
39 PSR 28 0.14 0.33
39 PSR 29 0.13 0.33
39 PSR 30 0.13 0.33
39 PSR 31 0.12 0.33
39 PSR 32 0.12 0.33
39 PSR 33 0.12 0.33
39 PSR 34 0.11 0.33
39 PSR 35 0.11 0.33
39 PSR 36 0.11 0.33
39 PSR 37 0.1 0.33
39 PSR 38 0.1 0.33
39 PSR 39 0.1 0.33
39 PSR 40 0.1 0.33
39 PSR 41 0.09 0.33
39 PSR 42 0.09 0.33
39 PSR 43 0.09 0.33
39 PSR 44 0.09 0.33
39 PSR 45 0.08 0.33
39 PSR 46 0.08 0.33
39 PSR 47 0.08 0.33
39 PSR 48 0.08 0.33
39 PSR 49 0.08 0.33
39 PSR 50 0.08 0.33
39 PSR 51 0.07 0.33
39 PSR 52 0.07 0.33
39 PSR 53 0.07 0.33
39 PSR 54 0.07 0.33
39 PSR 55 0.07 0.33
39 PSR 56 0.07 0.33
39 PSR 57 0.07 0.33
39 PSR 58 0.06 0.33
39 PSR 59 0.06 0.33
39 PSR 60 0.06 0.33
39 PSR 61 0.06 0.33
39 PSR 62 0.06 0.33
39 PSR 63 0.06 0.33
39 PSR 64 0.06 0.33
39 PSR 65 0.06 0.33
39 PSR 66 0.06 0.33
39 PSR 67 0.05 0.33
39 PSR 68 0.05 0.33
39 PSR 69 0.05 0.33
39 PSR 70 0.05 0.33
39 PSR 71 0.05 0.33
39 PSR 72 0.05 0.33
39 PSR 73 0.05 0.33
39 PSR 74 0.05 0.33
39 PSR 75 0.05 0.33
39 PSR 76 0.05 0.33
39 PSR 77 0.05 0.33
39 PSR 78 0.05 0.33
39 PSR 79 0.05 0.33
39 PSR 80 0.05 0.33
39 PSR 81 0.04 0.33
39 PSR 82 0.04 0.33
39 PSR 83 0.04 0.33
39 PSR 84 0.04 0.33
39 PSR 85 0.04 0.33
39 PSR 86 0.04 0.33
39 PSR 87 0.04 0.33
39 PSR 88 0.04 0.33
39 PSR 89 0.04 0.33
39 PSR 90 0.04 0.33
39 PSR 91 0.04 0.33
39 PSR 92 0.04 0.33
39 PSR 93 0.04 0.33
39 PSR 94 0.04 0.33
39 PSR 95 0.04 0.33
39 PSR 96 0.04 0.33
39 PSR 97 0.04 0.33
39 PSR 98 0.04 0.33
39 PSR 99 0.04 0.33
39 PSR 100 0.04 0.33
40 PSR 1 0 0
40 PSR 2 0 0
40 PSR 3 0 0
40 PSR 4 0 0
40 PSR 5 0 0
40 PSR 6 0 0
40 PSR 7 0 0
40 PSR 8 0 0
40 PSR 9 0 0
40 PSR 10 0 0
40 PSR 11 0 0
40 PSR 12 0 0
40 PSR 13 0 0
40 PSR 14 0 0
40 PSR 15 0 0
40 PSR 16 0 0
40 PSR 17 0 0
40 PSR 18 0 0
40 PSR 19 0 0
40 PSR 20 0 0
40 PSR 21 0 0
40 PSR 22 0 0
40 PSR 23 0 0
40 PSR 24 0 0
40 PSR 25 0 0
40 PSR 26 0 0
40 PSR 27 0 0
40 PSR 28 0 0
40 PSR 29 0 0
40 PSR 30 0 0
40 PSR 31 0 0
40 PSR 32 0 0
40 PSR 33 0 0
40 PSR 34 0 0
40 PSR 35 0.02 0.1
40 PSR 36 0.02 0.1
40 PSR 37 0.02 0.1
40 PSR 38 0.02 0.1
40 PSR 39 0.05 0.2
40 PSR 40 0.05 0.2
40 PSR 41 0.04 0.2
40 PSR 42 0.04 0.2
40 PSR 43 0.04 0.2
40 PSR 44 0.04 0.2
40 PSR 45 0.04 0.2
40 PSR 46 0.04 0.2
40 PSR 47 0.04 0.2
40 PSR 48 0.04 0.2
40 PSR 49 0.04 0.2
40 PSR 50 0.04 0.2
40 PSR 51 0.03 0.2
40 PSR 52 0.03 0.2
40 PSR 53 0.03 0.2
40 PSR 54 0.03 0.2
40 PSR 55 0.03 0.2
40 PSR 56 0.03 0.2
40 PSR 57 0.03 0.2
40 PSR 58 0.03 0.2
40 PSR 59 0.03 0.2
40 PSR 60 0.03 0.2
40 PSR 61 0.03 0.2
40 PSR 62 0.03 0.2
40 PSR 63 0.03 0.2
40 PSR 64 0.03 0.2
40 PSR 65 0.03 0.2
40 PSR 66 0.03 0.2
40 PSR 67 0.02 0.2
40 PSR 68 0.02 0.2
40 PSR 69 0.02 0.2
40 PSR 70 0.02 0.2
40 PSR 71 0.02 0.2
40 PSR 72 0.02 0.2
40 PSR 73 0.02 0.2
40 PSR 74 0.02 0.2
40 PSR 75 0.02 0.2
40 PSR 76 0.02 0.2
40 PSR 77 0.02 0.2
40 PSR 78 0.02 0.2
40 PSR 79 0.02 0.2
40 PSR 80 0.02 0.2
40 PSR 81 0.02 0.2
40 PSR 82 0.02 0.2
40 PSR 83 0.02 0.2
40 PSR 84 0.02 0.2
40 PSR 85 0.02 0.2
40 PSR 86 0.02 0.2
40 PSR 87 0.02 0.2
40 PSR 88 0.02 0.2
40 PSR 89 0.02 0.2
40 PSR 90 0.02 0.2
40 PSR 91 0.02 0.2
40 PSR 92 0.02 0.2
40 PSR 93 0.02 0.2
40 PSR 94 0.02 0.2
40 PSR 95 0.02 0.2
40 PSR 96 0.02 0.2
40 PSR 97 0.02 0.2
40 PSR 98 0.02 0.2
40 PSR 99 0.02 0.2
40 PSR 100 0.02 0.2
42 PSR 1 1 0.04
42 PSR 2 0.5 0.04
42 PSR 3 0.33 0.04
42 PSR 4 0.25 0.04
42 PSR 5 0.2 0.04
42 PSR 6 0.16 0.04
42 PSR 7 0.14 0.04
42 PSR 8 0.12 0.04
42 PSR 9 0.11 0.04
42 PSR 10 0.1 0.04
42 PSR 11 0.09 0.04
42 PSR 12 0.08 0.04
42 PSR 13 0.07 0.04
42 PSR 14 0.07 0.04
42 PSR 15 0.06 0.04
42 PSR 16 0.06 0.04
42 PSR 17 0.05 0.04
42 PSR 18 0.05 0.04
42 PSR 19 0.05 0.04
42 PSR 20 0.05 0.04
42 PSR 21 0.04 0.04
42 PSR 22 0.04 0.04
42 PSR 23 0.04 0.04
42 PSR 24 0.04 0.04
42 PSR 25 0.04 0.04
42 PSR 26 0.03 0.04
42 PSR 27 0.03 0.04
42 PSR 28 0.03 0.04
42 PSR 29 0.03 0.04
42 PSR 30 0.03 0.04
42 PSR 31 0.03 0.04
42 PSR 32 0.03 0.04
42 PSR 33 0.03 0.04
42 PSR 34 0.02 0.04
42 PSR 35 0.02 0.04
42 PSR 36 0.02 0.04
42 PSR 37 0.02 0.04
42 PSR 38 0.02 0.04
42 PSR 39 0.02 0.04
42 PSR 40 0.02 0.04
42 PSR 41 0.02 0.04
42 PSR 42 0.02 0.04
42 PSR 43 0.02 0.04
42 PSR 44 0.02 0.04
42 PSR 45 0.02 0.04
42 PSR 46 0.02 0.04
42 PSR 47 0.02 0.04
42 PSR 48 0.02 0.04
42 PSR 49 0.02 0.04
42 PSR 50 0.02 0.04
42 PSR 51 0.01 0.04
42 PSR 52 0.01 0.04
42 PSR 53 0.01 0.04
42 PSR 54 0.01 0.04
42 PSR 55 0.01 0.04
42 PSR 56 0.01 0.04
42 PSR 57 0.01 0.04
42 PSR 58 0.01 0.04
42 PSR 59 0.01 0.04
42 PSR 60 0.01 0.04
42 PSR 61 0.01 0.04
42 PSR 62 0.01 0.04
42 PSR 63 0.01 0.04
42 PSR 64 0.01 0.04
42 PSR 65 0.01 0.04
42 PSR 66 0.01 0.04
42 PSR 67 0.01 0.04
42 PSR 68 0.01 0.04
42 PSR 69 0.01 0.04
42 PSR 70 0.01 0.04
42 PSR 71 0.01 0.04
42 PSR 72 0.01 0.04
42 PSR 73 0.01 0.04
42 PSR 74 0.01 0.04
42 PSR 75 0.01 0.04
42 PSR 76 0.01 0.04
42 PSR 77 0.01 0.04
42 PSR 78 0.01 0.04
42 PSR 79 0.01 0.04
42 PSR 80 0.01 0.04
42 PSR 81 0.01 0.04
42 PSR 82 0.01 0.04
42 PSR 83 0.01 0.04
42 PSR 84 0.01 0.04
42 PSR 85 0.01 0.04
42 PSR 86 0.01 0.04
42 PSR 87 0.01 0.04
42 PSR 88 0.01 0.04
42 PSR 89 0.01 0.04
42 PSR 90 0.01 0.04
42 PSR 91 0.01 0.04
42 PSR 92 0.01 0.04
42 PSR 93 0.01 0.04
42 PSR 94 0.01 0.04
42 PSR 95 0.01 0.04
42 PSR 96 0.01 0.04
42 PSR 97 0.01 0.04
42 PSR 98 0.01 0.04
42 PSR 99 0.01 0.04
42 PSR 100 0.01 0.04
43 PSR 1 0 0
43 PSR 2 0 0
43 PSR 3 0 0
43 PSR 4 0 0
43 PSR 5 0 0
43 PSR 6 0 0
43 PSR 7 0 0
43 PSR 8 0 0
43 PSR 9 0 0
43 PSR 10 0 0
43 PSR 11 0 0
43 PSR 12 0 0
43 PSR 13 0 0
43 PSR 14 0 0
43 PSR 15 0 0
43 PSR 16 0 0
43 PSR 17 0 0
43 PSR 18 0 0
43 PSR 19 0 0
43 PSR 20 0 0
43 PSR 21 0 0
43 PSR 22 0 0
43 PSR 23 0 0
43 PSR 24 0 0
43 PSR 25 0 0
43 PSR 26 0 0
43 PSR 27 0 0
43 PSR 28 0 0
43 PSR 29 0 0
43 PSR 30 0 0
43 PSR 31 0 0
43 PSR 32 0 0
43 PSR 33 0 0
43 PSR 34 0 0
43 PSR 35 0 0
43 PSR 36 0 0
43 PSR 37 0 0
43 PSR 38 0.02 0.02
43 PSR 39 0.02 0.02
43 PSR 40 0.02 0.02
43 PSR 41 0.02 0.02
43 PSR 42 0.02 0.02
43 PSR 43 0.02 0.02
43 PSR 44 0.02 0.02
43 PSR 45 0.02 0.02
43 PSR 46 0.02 0.02
43 PSR 47 0.02 0.02
43 PSR 48 0.02 0.02
43 PSR 49 0.04 0.04
43 PSR 50 0.04 0.04
43 PSR 51 0.03 0.04
43 PSR 52 0.03 0.04
43 PSR 53 0.03 0.04
43 PSR 54 0.03 0.04
43 PSR 55 0.03 0.04
43 PSR 56 0.03 0.04
43 PSR 57 0.03 0.04
43 PSR 58 0.03 0.04
43 PSR 59 0.03 0.04
43 PSR 60 0.03 0.04
43 PSR 61 0.03 0.04
43 PSR 62 0.03 0.04
43 PSR 63 0.03 0.04
43 PSR 64 0.03 0.04
43 PSR 65 0.03 0.04
43 PSR 66 0.03 0.04
43 PSR 67 0.02 0.04
43 PSR 68 0.02 0.04
43 PSR 69 0.02 0.04
43 PSR 70 0.02 0.04
43 PSR 71 0.02 0.04
43 PSR 72 0.02 0.04
43 PSR 73 0.02 0.04
43 PSR 74 0.02 0.04
43 PSR 75 0.02 0.04
43 PSR 76 0.02 0.04
43 PSR 77 0.02 0.04
43 PSR 78 0.02 0.04
43 PSR 79 0.02 0.04
43 PSR 80 0.02 0.04
43 PSR 81 0.02 0.04
43 PSR 82 0.02 0.04
43 PSR 83 0.02 0.04
43 PSR 84 0.02 0.04
43 PSR 85 0.02 0.04
43 PSR 86 0.02 0.04
43 PSR 87 0.03 0.07
43 PSR 88 0.03 0.07
43 PSR 89 0.03 0.07
43 PSR 90 0.03 0.07
43 PSR 91 0.03 0.07
43 PSR 92 0.03 0.07
43 PSR 93 0.03 0.07
43 PSR 94 0.03 0.07
43 PSR 95 0.03 0.07
43 PSR 96 0.03 0.07
43 PSR 97 0.03 0.07
43 PSR 98 0.03 0.07
43 PSR 99 0.03 0.07
43 PSR 100 0.03 0.07
44 PSR 1 0 0
44 PSR 2 0 0
44 PSR 3 0 0
44 PSR 4 0 0
44 PSR 5 0 0
44 PSR 6 0 0
44 PSR 7 0 0
44 PSR 8 0 0
44 PSR 9 0 0
44 PSR 10 0 0
44 PSR 11 0 0
44 PSR 12 0 0
44 PSR 13 0 0
44 PSR 14 0 0
44 PSR 15 0 0
44 PSR 16 0 0
44 PSR 17 0 0
44 PSR 18 0 0
44 PSR 19 0 0
44 PSR 20 0 0
44 PSR 21 0 0
44 PSR 22 0 0
44 PSR 23 0 0
44 PSR 24 0 0
44 PSR 25 0 0
44 PSR 26 0 0
44 PSR 27 0 0
44 PSR 28 0 0
44 PSR 29 0 0
44 PSR 30 0 0
44 PSR 31 0 0
44 PSR 32 0 0
44 PSR 33 0 0
44 PSR 34 0 0
44 PSR 35 0 0
44 PSR 36 0 0
44 PSR 37 0 0
44 PSR 38 0 0
44 PSR 39 0 0
44 PSR 40 0 0
44 PSR 41 0 0
44 PSR 42 0 0
44 PSR 43 0 0
44 PSR 44 0 0
44 PSR 45 0 0
44 PSR 46 0 0
44 PSR 47 0 0
44 PSR 48 0 0
44 PSR 49 0 0
44 PSR 50 0 0
44 PSR 51 0 0
44 PSR 52 0 0
44 PSR 53 0 0
44 PSR 54 0 0
44 PSR 55 0 0
44 PSR 56 0 0
44 PSR 57 0 0
44 PSR 58 0 0
44 PSR 59 0 0
44 PSR 60 0 0
44 PSR 61 0 0
44 PSR 62 0 0
44 PSR 63 0 0
44 PSR 64 0 0
44 PSR 65 0 0
44 PSR 66 0 0
44 PSR 67 0 0
44 PSR 68 0 0
44 PSR 69 0 0
44 PSR 70 0 0
44 PSR 71 0 0
44 PSR 72 0 0
44 PSR 73 0 0
44 PSR 74 0 0
44 PSR 75 0 0
44 PSR 76 0 0
44 PSR 77 0 0
44 PSR 78 0 0
44 PSR 79 0 0
44 PSR 80 0 0
44 PSR 81 0 0
44 PSR 82 0 0
44 PSR 83 0 0
44 PSR 84 0 0
44 PSR 85 0 0
44 PSR 86 0 0
44 PSR 87 0 0
44 PSR 88 0 0
44 PSR 89 0 0
44 PSR 90 0 0
44 PSR 91 0 0
44 PSR 92 0 0
44 PSR 93 0 0
44 PSR 94 0 0
44 PSR 95 0 0
44 PSR 96 0 0
44 PSR 97 0 0
44 PSR 98 0 0
44 PSR 99 0 0
44 PSR 100 0 0
45 PSR 1 0 0
45 PSR 2 0 0
45 PSR 3 0 0
45 PSR 4 0 0
45 PSR 5 0 0
45 PSR 6 0 0
45 PSR 7 0 0
45 PSR 8 0 0
45 PSR 9 0 0
45 PSR 10 0 0
45 PSR 11 0 0
45 PSR 12 0 0
45 PSR 13 0 0
45 PSR 14 0 0
45 PSR 15 0 0
45 PSR 16 0 0
45 PSR 17 0 0
45 PSR 18 0 0
45 PSR 19 0 0
45 PSR 20 0 0
45 PSR 21 0 0
45 PSR 22 0 0
45 PSR 23 0 0
45 PSR 24 0 0
45 PSR 25 0 0
45 PSR 26 0 0
45 PSR 27 0 0
45 PSR 28 0 0
45 PSR 29 0 0
45 PSR 30 0 0
45 PSR 31 0 0
45 PSR 32 0 0
45 PSR 33 0 0
45 PSR 34 0 0
45 PSR 35 0 0
45 PSR 36 0 0
45 PSR 37 0 0
45 PSR 38 0 0
45 PSR 39 0 0
45 PSR 40 0 0
45 PSR 41 0 0
45 PSR 42 0 0
45 PSR 43 0 0
45 PSR 44 0 0
45 PSR 45 0 0
45 PSR 46 0 0
45 PSR 47 0 0
45 PSR 48 0 0
45 PSR 49 0 0
45 PSR 50 0 0
45 PSR 51 0 0
45 PSR 52 0 0
45 PSR 53 0 0
45 PSR 54 0 0
45 PSR 55 0 0
45 PSR 56 0 0
45 PSR 57 0 0
45 PSR 58 0 0
45 PSR 59 0 0
45 PSR 60 0 0
45 PSR 61 0 0
45 PSR 62 0 0
45 PSR 63 0 0
45 PSR 64 0 0
45 PSR 65 0 0
45 PSR 66 0 0
45 PSR 67 0 0
45 PSR 68 0 0
45 PSR 69 0 0
45 PSR 70 0 0
45 PSR 71 0 0
45 PSR 72 0 0
45 PSR 73 0 0
45 PSR 74 0 0
45 PSR 75 0 0
45 PSR 76 0 0
45 PSR 77 0 0
45 PSR 78 0 0
45 PSR 79 0 0
45 PSR 80 0 0
45 PSR 81 0 0
45 PSR 82 0 0
45 PSR 83 0 0
45 PSR 84 0 0
45 PSR 85 0 0
45 PSR 86 0 0
45 PSR 87 0 0
45 PSR 88 0 0
45 PSR 89 0 0
45 PSR 90 0 0
45 PSR 91 0 0
45 PSR 92 0 0
45 PSR 93 0 0
45 PSR 94 0 0
45 PSR 95 0 0
45 PSR 96 0 0
45 PSR 97 0 0
45 PSR 98 0 0
45 PSR 99 0 0
45 PSR 100 0 0
48 PSR 1 0 0
48 PSR 2 0 0
48 PSR 3 0 0
48 PSR 4 0 0
48 PSR 5 0 0
48 PSR 6 0 0
48 PSR 7 0 0
48 PSR 8 0 0
48 PSR 9 0 0
48 PSR 10 0 0
48 PSR 11 0 0
48 PSR 12 0 0
48 PSR 13 0 0
48 PSR 14 0 0
48 PSR 15 0 0
48 PSR 16 0 0
48 PSR 17 0 0
48 PSR 18 0 0
48 PSR 19 0 0
48 PSR 20 0 0
48 PSR 21 0 0
48 PSR 22 0 0
48 PSR 23 0 0
48 PSR 24 0 0
48 PSR 25 0 0
48 PSR 26 0 0
48 PSR 27 0 0
48 PSR 28 0 0
48 PSR 29 0 0
48 PSR 30 0 0
48 PSR 31 0 0
48 PSR 32 0 0
48 PSR 33 0 0
48 PSR 34 0 0
48 PSR 35 0 0
48 PSR 36 0 0
48 PSR 37 0 0
48 PSR 38 0 0
48 PSR 39 0 0
48 PSR 40 0 0
48 PSR 41 0 0
48 PSR 42 0 0
48 PSR 43 0 0
48 PSR 44 0 0
48 PSR 45 0 0
48 PSR 46 0 0
48 PSR 47 0 0
48 PSR 48 0 0
48 PSR 49 0 0
48 PSR 50 0 0
48 PSR 51 0 0
48 PSR 52 0 0
48 PSR 53 0 0
48 PSR 54 0 0
48 PSR 55 0 0
48 PSR 56 0 0
48 PSR 57 0 0
48 PSR 58 0 0
48 PSR 59 0 0
48 PSR 60 0 0
48 PSR 61 0 0
48 PSR 62 0 0
48 PSR 63 0 0
48 PSR 64 0 0
48 PSR 65 0 0
48 PSR 66 0 0
48 PSR 67 0 0
48 PSR 68 0 0
48 PSR 69 0 0
48 PSR 70 0 0
48 PSR 71 0 0
48 PSR 72 0 0
48 PSR 73 0 0
48 PSR 74 0 0
48 PSR 75 0 0
48 PSR 76 0 0
48 PSR 77 0 0
48 PSR 78 0 0
48 PSR 79 0 0
48 PSR 80 0 0
48 PSR 81 0 0
48 PSR 82 0 0
48 PSR 83 0 0
48 PSR 84 0 0
48 PSR 85 0 0
48 PSR 86 0 0
48 PSR 87 0 0
48 PSR 88 0 0
48 PSR 89 0 0
48 PSR 90 0 0
48 PSR 91 0 0
48 PSR 92 0 0
48 PSR 93 0 0
48 PSR 94 0 0
48 PSR 95 0 0
48 PSR 96 0 0
48 PSR 97 0 0
48 PSR 98 0 0
48 PSR 99 0 0
48 PSR 100 0 0
49 PSR 1 0 0
49 PSR 2 0 0
49 PSR 3 0 0
49 PSR 4 0.25 0.12
49 PSR 5 0.2 0.12
49 PSR 6 0.16 0.12
49 PSR 7 0.14 0.12
49 PSR 8 0.12 0.12
49 PSR 9 0.11 0.12
49 PSR 10 0.1 0.12
49 PSR 11 0.09 0.12
49 PSR 12 0.08 0.12
49 PSR 13 0.07 0.12
49 PSR 14 0.07 0.12
49 PSR 15 0.06 0.12
49 PSR 16 0.06 0.12
49 PSR 17 0.05 0.12
49 PSR 18 0.05 0.12
49 PSR 19 0.05 0.12
49 PSR 20 0.05 0.12
49 PSR 21 0.04 0.12
49 PSR 22 0.04 0.12
49 PSR 23 0.04 0.12
49 PSR 24 0.04 0.12
49 PSR 25 0.04 0.12
49 PSR 26 0.03 0.12
49 PSR 27 0.03 0.12
49 PSR 28 0.03 0.12
49 PSR 29 0.03 0.12
49 PSR 30 0.03 0.12
49 PSR 31 0.03 0.12
49 PSR 32 0.03 0.12
49 PSR 33 0.03 0.12
49 PSR 34 0.02 0.12
49 PSR 35 0.02 0.12
49 PSR 36 0.02 0.12
49 PSR 37 0.02 0.12
49 PSR 38 0.02 0.12
49 PSR 39 0.02 0.12
49 PSR 40 0.02 0.12
49 PSR 41 0.02 0.12
49 PSR 42 0.02 0.12
49 PSR 43 0.02 0.12
49 PSR 44 0.02 0.12
49 PSR 45 0.02 0.12
49 PSR 46 0.02 0.12
49 PSR 47 0.02 0.12
49 PSR 48 0.02 0.12
49 PSR 49 0.02 0.12
49 PSR 50 0.02 0.12
49 PSR 51 0.01 0.12
49 PSR 52 0.01 0.12
49 PSR 53 0.01 0.12
49 PSR 54 0.01 0.12
49 PSR 55 0.01 0.12
49 PSR 56 0.01 0.12
49 PSR 57 0.01 0.12
49 PSR 58 0.01 0.12
49 PSR 59 0.01 0.12
49 PSR 60 0.01 0.12
49 PSR 61 0.01 0.12
49 PSR 62 0.01 0.12
49 PSR 63 0.01 0.12
49 PSR 64 0.01 0.12
49 PSR 65 0.01 0.12
49 PSR 66 0.01 0.12
49 PSR 67 0.01 0.12
49 PSR 68 0.01 0.12
49 PSR 69 0.01 0.12
49 PSR 70 0.01 0.12
49 PSR 71 0.01 0.12
49 PSR 72 0.01 0.12
49 PSR 73 0.01 0.12
49 PSR 74 0.01 0.12
49 PSR 75 0.01 0.12
49 PSR 76 0.01 0.12
49 PSR 77 0.01 0.12
49 PSR 78 0.01 0.12
49 PSR 79 0.01 0.12
49 PSR 80 0.01 0.12
49 PSR 81 0.01 0.12
49 PSR 82 0.01 0.12
49 PSR 83 0.01 0.12
49 PSR 84 0.01 0.12
49 PSR 85 0.01 0.12
49 PSR 86 0.01 0.12
49 PSR 87 0.01 0.12
49 PSR 88 0.01 0.12
49 PSR 89 0.01 0.12
49 PSR 90 0.01 0.12
49 PSR 91 0.01 0.12
49 PSR 92 0.01 0.12
49 PSR 93 0.01 0.12
49 PSR 94 0.01 0.12
49 PSR 95 0.01 0.12
49 PSR 96 0.01 0.12
49 PSR 97 0.01 0.12
49 PSR 98 0.01 0.12
49 PSR 99 0.01 0.12
49 PSR 100 0.01 0.12
57 PSR 1 0 0
57 PSR 2 0 0
57 PSR 3 0 0
57 PSR 4 0 0
57 PSR 5 0 0
57 PSR 6 0 0
57 PSR 7 0 0
57 PSR 8 0 0
57 PSR 9 0 0
57 PSR 10 0 0
57 PSR 11 0 0
57 PSR 12 0 0
57 PSR 13 0 0
57 PSR 14 0 0
57 PSR 15 0 0
57 PSR 16 0 0
57 PSR 17 0 0
57 PSR 18 0 0
57 PSR 19 0 0
57 PSR 20 0 0
57 PSR 21 0 0
57 PSR 22 0 0
57 PSR 23 0 0
57 PSR 24 0 0
57 PSR 25 0 0
57 PSR 26 0 0
57 PSR 27 0 0
57 PSR 28 0 0
57 PSR 29 0 0
57 PSR 30 0 0
57 PSR 31 0 0
57 PSR 32 0 0
57 PSR 33 0 0
57 PSR 34 0 0
57 PSR 35 0 0
57 PSR 36 0 0
57 PSR 37 0 0
57 PSR 38 0 0
57 PSR 39 0 0
57 PSR 40 0 0
57 PSR 41 0 0
57 PSR 42 0 0
57 PSR 43 0 0
57 PSR 44 0 0
57 PSR 45 0 0
57 PSR 46 0 0
57 PSR 47 0 0
57 PSR 48 0 0
57 PSR 49 0 0
57 PSR 50 0 0
57 PSR 51 0 0
57 PSR 52 0 0
57 PSR 53 0 0
57 PSR 54 0 0
57 PSR 55 0 0
57 PSR 56 0 0
57 PSR 57 0 0
57 PSR 58 0 0
57 PSR 59 0 0
57 PSR 60 0 0
57 PSR 61 0 0
57 PSR 62 0 0
57 PSR 63 0 0
57 PSR 64 0 0
57 PSR 65 0 0
57 PSR 66 0 0
57 PSR 67 0 0
57 PSR 68 0 0
57 PSR 69 0 0
57 PSR 70 0 0
57 PSR 71 0 0
57 PSR 72 0 0
57 PSR 73 0 0
57 PSR 74 0 0
57 PSR 75 0 0
57 PSR 76 0 0
57 PSR 77 0 0
57 PSR 78 0 0
57 PSR 79 0 0
57 PSR 80 0 0
57 PSR 81 0 0
57 PSR 82 0 0
57 PSR 83 0 0
57 PSR 84 0 0
57 PSR 85 0 0
57 PSR 86 0 0
57 PSR 87 0 0
57 PSR 88 0 0
57 PSR 89 0 0
57 PSR 90 0 0
57 PSR 91 0 0
57 PSR 92 0 0
57 PSR 93 0 0
57 PSR 94 0 0
57 PSR 95 0 0
57 PSR 96 0 0
57 PSR 97 0 0
57 PSR 98 0 0
57 PSR 99 0 0
57 PSR 100 0 0
58 PSR 1 0 0
58 PSR 2 0 0
58 PSR 3 0 0
58 PSR 4 0 0
58 PSR 5 0 0
58 PSR 6 0 0
58 PSR 7 0 0
58 PSR 8 0 0
58 PSR 9 0 0
58 PSR 10 0 0
58 PSR 11 0 0
58 PSR 12 0 0
58 PSR 13 0 0
58 PSR 14 0 0
58 PSR 15 0 0
58 PSR 16 0 0
58 PSR 17 0 0
58 PSR 18 0 0
58 PSR 19 0 0
58 PSR 20 0 0
58 PSR 21 0 0
58 PSR 22 0 0
58 PSR 23 0 0
58 PSR 24 0 0
58 PSR 25 0 0
58 PSR 26 0 0
58 PSR 27 0 0
58 PSR 28 0 0
58 PSR 29 0 0
58 PSR 30 0 0
58 PSR 31 0 0
58 PSR 32 0 0
58 PSR 33 0 0
58 PSR 34 0 0
58 PSR 35 0 0
58 PSR 36 0 0
58 PSR 37 0 0
58 PSR 38 0 0
58 PSR 39 0 0
58 PSR 40 0 0
58 PSR 41 0 0
58 PSR 42 0 0
58 PSR 43 0 0
58 PSR 44 0 0
58 PSR 45 0 0
58 PSR 46 0 0
58 PSR 47 0 0
58 PSR 48 0 0
58 PSR 49 0 0
58 PSR 50 0 0
58 PSR 51 0 0
58 PSR 52 0 0
58 PSR 53 0 0
58 PSR 54 0 0
58 PSR 55 0 0
58 PSR 56 0 0
58 PSR 57 0 0
58 PSR 58 0 0
58 PSR 59 0 0
58 PSR 60 0 0
58 PSR 61 0 0
58 PSR 62 0 0
58 PSR 63 0 0
58 PSR 64 0 0
58 PSR 65 0 0
58 PSR 66 0 0
58 PSR 67 0 0
58 PSR 68 0 0
58 PSR 69 0 0
58 PSR 70 0 0
58 PSR 71 0 0
58 PSR 72 0 0
58 PSR 73 0 0
58 PSR 74 0 0
58 PSR 75 0 0
58 PSR 76 0 0
58 PSR 77 0 0
58 PSR 78 0 0
58 PSR 79 0 0
58 PSR 80 0 0
58 PSR 81 0 0
58 PSR 82 0 0
58 PSR 83 0 0
58 PSR 84 0 0
58 PSR 85 0 0
58 PSR 86 0 0
58 PSR 87 0 0
58 PSR 88 0 0
58 PSR 89 0 0
58 PSR 90 0 0
58 PSR 91 0 0
58 PSR 92 0 0
58 PSR 93 0 0
58 PSR 94 0 0
58 PSR 95 0 0
58 PSR 96 0 0
58 PSR 97 0 0
58 PSR 98 0 0
58 PSR 99 0 0
58 PSR 100 0 0
59 PSR 1 1 0.02
59 PSR 2 0.5 0.02
59 PSR 3 0.33 0.02
59 PSR 4 0.25 0.02
59 PSR 5 0.2 0.02
59 PSR 6 0.16 0.02
59 PSR 7 0.14 0.02
59 PSR 8 0.12 0.02
59 PSR 9 0.11 0.02
59 PSR 10 0.1 0.02
59 PSR 11 0.09 0.02
59 PSR 12 0.08 0.02
59 PSR 13 0.15 0.04
59 PSR 14 0.14 0.04
59 PSR 15 0.13 0.04
59 PSR 16 0.12 0.04
59 PSR 17 0.11 0.04
59 PSR 18 0.11 0.04
59 PSR 19 0.1 0.04
59 PSR 20 0.1 0.04
59 PSR 21 0.09 0.04
59 PSR 22 0.09 0.04
59 PSR 23 0.08 0.04
59 PSR 24 0.08 0.04
59 PSR 25 0.08 0.04
59 PSR 26 0.07 0.04
59 PSR 27 0.07 0.04
59 PSR 28 0.07 0.04
59 PSR 29 0.06 0.04
59 PSR 30 0.06 0.04
59 PSR 31 0.06 0.04
59 PSR 32 0.06 0.04
59 PSR 33 0.06 0.04
59 PSR 34 0.05 0.04
59 PSR 35 0.05 0.04
59 PSR 36 0.05 0.04
59 PSR 37 0.05 0.04
59 PSR 38 0.05 0.04
59 PSR 39 0.05 0.04
59 PSR 40 0.05 0.04
59 PSR 41 0.04 0.04
59 PSR 42 0.04 0.04
59 PSR 43 0.04 0.04
59 PSR 44 0.04 0.04
59 PSR 45 0.04 0.04
59 PSR 46 0.04 0.04
59 PSR 47 0.04 0.04
59 PSR 48 0.04 0.04
59 PSR 49 0.04 0.04
59 PSR 50 0.04 0.04
59 PSR 51 0.03 0.04
59 PSR 52 0.03 0.04
59 PSR 53 0.03 0.04
59 PSR 54 0.03 0.04
59 PSR 55 0.03 0.04
59 PSR 56 0.03 0.04
59 PSR 57 0.03 0.04
59 PSR 58 0.03 0.04
59 PSR 59 0.03 0.04
59 PSR 60 0.03 0.04
59 PSR 61 0.03 0.04
59 PSR 62 0.03 0.04
59 PSR 63 0.03 0.04
59 PSR 64 0.03 0.04
59 PSR 65 0.03 0.04
59 PSR 66 0.03 0.04
59 PSR 67 0.02 0.04
59 PSR 68 0.02 0.04
59 PSR 69 0.02 0.04
59 PSR 70 0.02 0.04
59 PSR 71 0.02 0.04
59 PSR 72 0.02 0.04
59 PSR 73 0.02 0.04
59 PSR 74 0.02 0.04
59 PSR 75 0.02 0.04
59 PSR 76 0.02 0.04
59 PSR 77 0.02 0.04
59 PSR 78 0.02 0.04
59 PSR 79 0.02 0.04
59 PSR 80 0.02 0.04
59 PSR 81 0.02 0.04
59 PSR 82 0.02 0.04
59 PSR 83 0.02 0.04
59 PSR 84 0.02 0.04
59 PSR 85 0.02 0.04
59 PSR 86 0.02 0.04
59 PSR 87 0.02 0.04
59 PSR 88 0.02 0.04
59 PSR 89 0.02 0.04
59 PSR 90 0.02 0.04
59 PSR 91 0.02 0.04
59 PSR 92 0.02 0.04
59 PSR 93 0.02 0.04
59 PSR 94 0.02 0.04
59 PSR 95 0.02 0.04
59 PSR 96 0.02 0.04
59 PSR 97 0.02 0.04
59 PSR 98 0.02 0.04
59 PSR 99 0.02 0.04
59 PSR 100 0.02 0.04
60 PSR 1 0 0
60 PSR 2 0 0
60 PSR 3 0 0
60 PSR 4 0 0
60 PSR 5 0 0
60 PSR 6 0 0
60 PSR 7 0 0
60 PSR 8 0 0
60 PSR 9 0 0
60 PSR 10 0 0
60 PSR 11 0 0
60 PSR 12 0 0
60 PSR 13 0 0
60 PSR 14 0 0
60 PSR 15 0 0
60 PSR 16 0 0
60 PSR 17 0 0
60 PSR 18 0 0
60 PSR 19 0 0
60 PSR 20 0 0
60 PSR 21 0 0
60 PSR 22 0 0
60 PSR 23 0 0
60 PSR 24 0 0
60 PSR 25 0 0
60 PSR 26 0 0
60 PSR 27 0.03 0.03
60 PSR 28 0.03 0.03
60 PSR 29 0.03 0.03
60 PSR 30 0.03 0.03
60 PSR 31 0.03 0.03
60 PSR 32 0.03 0.03
60 PSR 33 0.03 0.03
60 PSR 34 0.02 0.03
60 PSR 35 0.02 0.03
60 PSR 36 0.02 0.03
60 PSR 37 0.02 0.03
60 PSR 38 0.02 0.03
60 PSR 39 0.02 0.03
60 PSR 40 0.02 0.03
60 PSR 41 0.02 0.03
60 PSR 42 0.02 0.03
60 PSR 43 0.02 0.03
60 PSR 44 0.02 0.03
60 PSR 45 0.02 0.03
60 PSR 46 0.02 0.03
60 PSR 47 0.02 0.03
60 PSR 48 0.02 0.03
60 PSR 49 0.02 0.03
60 PSR 50 0.02 0.03
60 PSR 51 0.01 0.03
60 PSR 52 0.01 0.03
60 PSR 53 0.01 0.03
60 PSR 54 0.01 0.03
60 PSR 55 0.01 0.03
60 PSR 56 0.01 0.03
60 PSR 57 0.01 0.03
60 PSR 58 0.01 0.03
60 PSR 59 0.01 0.03
60 PSR 60 0.01 0.03
60 PSR 61 0.01 0.03
60 PSR 62 0.01 0.03
60 PSR 63 0.01 0.03
60 PSR 64 0.01 0.03
60 PSR 65 0.01 0.03
60 PSR 66 0.01 0.03
60 PSR 67 0.01 0.03
60 PSR 68 0.01 0.03
60 PSR 69 0.01 0.03
60 PSR 70 0.01 0.03
60 PSR 71 0.01 0.03
60 PSR 72 0.01 0.03
60 PSR 73 0.01 0.03
60 PSR 74 0.01 0.03
60 PSR 75 0.01 0.03
60 PSR 76 0.01 0.03
60 PSR 77 0.01 0.03
60 PSR 78 0.01 0.03
60 PSR 79 0.01 0.03
60 PSR 80 0.01 0.03
60 PSR 81 0.01 0.03
60 PSR 82 0.01 0.03
60 PSR 83 0.01 0.03
60 PSR 84 0.01 0.03
60 PSR 85 0.01 0.03
60 PSR 86 0.01 0.03
60 PSR 87 0.01 0.03
60 PSR 88 0.01 0.03
60 PSR 89 0.01 0.03
60 PSR 90 0.01 0.03
60 PSR 91 0.01 0.03
60 PSR 92 0.01 0.03
60 PSR 93 0.01 0.03
60 PSR 94 0.01 0.03
60 PSR 95 0.01 0.03
60 PSR 96 0.01 0.03
60 PSR 97 0.01 0.03
60 PSR 98 0.01 0.03
60 PSR 99 0.01 0.03
60 PSR 100 0.01 0.03
61 PSR 1 1 0.03
61 PSR 2 0.5 0.03
61 PSR 3 0.33 0.03
61 PSR 4 0.25 0.03
61 PSR 5 0.2 0.03
61 PSR 6 0.16 0.03
61 PSR 7 0.14 0.03
61 PSR 8 0.12 0.03
61 PSR 9 0.11 0.03
61 PSR 10 0.1 0.03
61 PSR 11 0.09 0.03
61 PSR 12 0.08 0.03
61 PSR 13 0.07 0.03
61 PSR 14 0.07 0.03
61 PSR 15 0.06 0.03
61 PSR 16 0.06 0.03
61 PSR 17 0.05 0.03
61 PSR 18 0.05 0.03
61 PSR 19 0.05 0.03
61 PSR 20 0.05 0.03
61 PSR 21 0.04 0.03
61 PSR 22 0.04 0.03
61 PSR 23 0.04 0.03
61 PSR 24 0.04 0.03
61 PSR 25 0.04 0.03
61 PSR 26 0.03 0.03
61 PSR 27 0.03 0.03
61 PSR 28 0.03 0.03
61 PSR 29 0.03 0.03
61 PSR 30 0.03 0.03
61 PSR 31 0.03 0.03
61 PSR 32 0.03 0.03
61 PSR 33 0.03 0.03
61 PSR 34 0.02 0.03
61 PSR 35 0.02 0.03
61 PSR 36 0.02 0.03
61 PSR 37 0.02 0.03
61 PSR 38 0.02 0.03
61 PSR 39 0.02 0.03
61 PSR 40 0.02 0.03
61 PSR 41 0.02 0.03
61 PSR 42 0.02 0.03
61 PSR 43 0.02 0.03
61 PSR 44 0.02 0.03
61 PSR 45 0.02 0.03
61 PSR 46 0.02 0.03
61 PSR 47 0.02 0.03
61 PSR 48 0.02 0.03
61 PSR 49 0.02 0.03
61 PSR 50 0.02 0.03
61 PSR 51 0.01 0.03
61 PSR 52 0.01 0.03
61 PSR 53 0.01 0.03
61 PSR 54 0.01 0.03
61 PSR 55 0.01 0.03
61 PSR 56 0.01 0.03
61 PSR 57 0.01 0.03
61 PSR 58 0.01 0.03
61 PSR 59 0.01 0.03
61 PSR 60 0.01 0.03
61 PSR 61 0.01 0.03
61 PSR 62 0.01 0.03
61 PSR 63 0.01 0.03
61 PSR 64 0.01 0.03
61 PSR 65 0.01 0.03
61 PSR 66 0.01 0.03
61 PSR 67 0.01 0.03
61 PSR 68 0.01 0.03
61 PSR 69 0.01 0.03
61 PSR 70 0.01 0.03
61 PSR 71 0.01 0.03
61 PSR 72 0.01 0.03
61 PSR 73 0.01 0.03
61 PSR 74 0.01 0.03
61 PSR 75 0.01 0.03
61 PSR 76 0.01 0.03
61 PSR 77 0.01 0.03
61 PSR 78 0.01 0.03
61 PSR 79 0.01 0.03
61 PSR 80 0.01 0.03
61 PSR 81 0.01 0.03
61 PSR 82 0.01 0.03
61 PSR 83 0.01 0.03
61 PSR 84 0.01 0.03
61 PSR 85 0.01 0.03
61 PSR 86 0.01 0.03
61 PSR 87 0.01 0.03
61 PSR 88 0.01 0.03
61 PSR 89 0.01 0.03
61 PSR 90 0.01 0.03
61 PSR 91 0.01 0.03
61 PSR 92 0.01 0.03
61 PSR 93 0.01 0.03
61 PSR 94 0.01 0.03
61 PSR 95 0.01 0.03
61 PSR 96 0.01 0.03
61 PSR 97 0.01 0.03
61 PSR 98 0.01 0.03
61 PSR 99 0.01 0.03
61 PSR 100 0.01 0.03
62 PSR 1 0 0
62 PSR 2 0 0
62 PSR 3 0 0
62 PSR 4 0 0
62 PSR 5 0 0
62 PSR 6 0 0
62 PSR 7 0 0
62 PSR 8 0 0
62 PSR 9 0 0
62 PSR 10 0 0
62 PSR 11 0 0
62 PSR 12 0 0
62 PSR 13 0 0
62 PSR 14 0 0
62 PSR 15 0 0
62 PSR 16 0 0
62 PSR 17 0 0
62 PSR 18 0 0
62 PSR 19 0 0
62 PSR 20 0 0
62 PSR 21 0 0
62 PSR 22 0 0
62 PSR 23 0 0
62 PSR 24 0 0
62 PSR 25 0 0
62 PSR 26 0 0
62 PSR 27 0 0
62 PSR 28 0 0
62 PSR 29 0 0
62 PSR 30 0 0
62 PSR 31 0 0
62 PSR 32 0 0
62 PSR 33 0 0
62 PSR 34 0 0
62 PSR 35 0 0
62 PSR 36 0 0
62 PSR 37 0 0
62 PSR 38 0 0
62 PSR 39 0 0
62 PSR 40 0 0
62 PSR 41 0 0
62 PSR 42 0 0
62 PSR 43 0 0
62 PSR 44 0 0
62 PSR 45 0 0
62 PSR 46 0 0
62 PSR 47 0 0
62 PSR 48 0 0
62 PSR 49 0 0
62 PSR 50 0 0
62 PSR 51 0 0
62 PSR 52 0 0
62 PSR 53 0 0
62 PSR 54 0 0
62 PSR 55 0 0
62 PSR 56 0 0
62 PSR 57 0 0
62 PSR 58 0 0
62 PSR 59 0 0
62 PSR 60 0 0
62 PSR 61 0 0
62 PSR 62 0 0
62 PSR 63 0 0
62 PSR 64 0 0
62 PSR 65 0 0
62 PSR 66 0 0
62 PSR 67 0 0
62 PSR 68 0 0
62 PSR 69 0 0
62 PSR 70 0 0
62 PSR 71 0 0
62 PSR 72 0 0
62 PSR 73 0 0
62 PSR 74 0 0
62 PSR 75 0 0
62 PSR 76 0 0
62 PSR 77 0 0
62 PSR 78 0 0
62 PSR 79 0 0
62 PSR 80 0 0
62 PSR 81 0 0
62 PSR 82 0 0
62 PSR 83 0 0
62 PSR 84 0 0
62 PSR 85 0 0
62 PSR 86 0 0
62 PSR 87 0 0
62 PSR 88 0 0
62 PSR 89 0 0
62 PSR 90 0 0
62 PSR 91 0 0
62 PSR 92 0 0
62 PSR 93 0 0
62 PSR 94 0 0
62 PSR 95 0 0
62 PSR 96 0 0
62 PSR 97 0 0
62 PSR 98 0 0
62 PSR 99 0 0
62 PSR 100 0 0
63 PSR 1 0 0
63 PSR 2 0 0
63 PSR 3 0 0
63 PSR 4 0 0
63 PSR 5 0 0
63 PSR 6 0 0
63 PSR 7 0 0
63 PSR 8 0 0
63 PSR 9 0 0
63 PSR 10 0 0
63 PSR 11 0 0
63 PSR 12 0 0
63 PSR 13 0 0
63 PSR 14 0 0
63 PSR 15 0 0
63 PSR 16 0 0
63 PSR 17 0 0
63 PSR 18 0 0
63 PSR 19 0 0
63 PSR 20 0 0
63 PSR 21 0 0
63 PSR 22 0 0
63 PSR 23 0 0
63 PSR 24 0 0
63 PSR 25 0 0
63 PSR 26 0 0
63 PSR 27 0 0
63 PSR 28 0 0
63 PSR 29 0 0
63 PSR 30 0 0
63 PSR 31 0 0
63 PSR 32 0 0
63 PSR 33 0 0
63 PSR 34 0 0
63 PSR 35 0 0
63 PSR 36 0 0
63 PSR 37 0 0
63 PSR 38 0 0
63 PSR 39 0 0
63 PSR 40 0 0
63 PSR 41 0 0
63 PSR 42 0 0
63 PSR 43 0 0
63 PSR 44 0 0
63 PSR 45 0 0
63 PSR 46 0 0
63 PSR 47 0 0
63 PSR 48 0 0
63 PSR 49 0 0
63 PSR 50 0 0
63 PSR 51 0 0
63 PSR 52 0 0
63 PSR 53 0 0
63 PSR 54 0 0
63 PSR 55 0 0
63 PSR 56 0 0
63 PSR 57 0 0
63 PSR 58 0 0
63 PSR 59 0 0
63 PSR 60 0 0
63 PSR 61 0 0
63 PSR 62 0 0
63 PSR 63 0 0
63 PSR 64 0 0
63 PSR 65 0 0
63 PSR 66 0 0
63 PSR 67 0 0
63 PSR 68 0 0
63 PSR 69 0 0
63 PSR 70 0 0
63 PSR 71 0 0
63 PSR 72 0 0
63 PSR 73 0 0
63 PSR 74 0 0
63 PSR 75 0 0
63 PSR 76 0 0
63 PSR 77 0 0
63 PSR 78 0 0
63 PSR 79 0 0
63 PSR 80 0 0
63 PSR 81 0 0
63 PSR 82 0 0
63 PSR 83 0 0
63 PSR 84 0 0
63 PSR 85 0 0
63 PSR 86 0 0
63 PSR 87 0 0
63 PSR 88 0 0
63 PSR 89 0 0
63 PSR 90 0 0
63 PSR 91 0 0
63 PSR 92 0 0
63 PSR 93 0 0
63 PSR 94 0 0
63 PSR 95 0 0
63 PSR 96 0 0
63 PSR 97 0 0
63 PSR 98 0 0
63 PSR 99 0 0
63 PSR 100 0 0
64 PSR 1 0 0
64 PSR 2 0.5 1
64 PSR 3 0.33 1
64 PSR 4 0.25 1
64 PSR 5 0.2 1
64 PSR 6 0.16 1
64 PSR 7 0.14 1
64 PSR 8 0.12 1
64 PSR 9 0.11 1
64 PSR 10 0.1 1
64 PSR 11 0.09 1
64 PSR 12 0.08 1
64 PSR 13 0.07 1
64 PSR 14 0.07 1
64 PSR 15 0.06 1
64 PSR 16 0.06 1
64 PSR 17 0.05 1
64 PSR 18 0.05 1
64 PSR 19 0.05 1
64 PSR 20 0.05 1
64 PSR 21 0.04 1
64 PSR 22 0.04 1
64 PSR 23 0.04 1
64 PSR 24 0.04 1
64 PSR 25 0.04 1
64 PSR 26 0.03 1
64 PSR 27 0.03 1
64 PSR 28 0.03 1
64 PSR 29 0.03 1
64 PSR 30 0.03 1
64 PSR 31 0.03 1
64 PSR 32 0.03 1
64 PSR 33 0.03 1
64 PSR 34 0.02 1
64 PSR 35 0.02 1
64 PSR 36 0.02 1
64 PSR 37 0.02 1
64 PSR 38 0.02 1
64 PSR 39 0.02 1
64 PSR 40 0.02 1
64 PSR 41 0.02 1
64 PSR 42 0.02 1
64 PSR 43 0.02 1
64 PSR 44 0.02 1
64 PSR 45 0.02 1
64 PSR 46 0.02 1
64 PSR 47 0.02 1
64 PSR 48 0.02 1
64 PSR 49 0.02 1
64 PSR 50 0.02 1
64 PSR 51 0.01 1
64 PSR 52 0.01 1
64 PSR 53 0.01 1
64 PSR 54 0.01 1
64 PSR 55 0.01 1
64 PSR 56 0.01 1
64 PSR 57 0.01 1
64 PSR 58 0.01 1
64 PSR 59 0.01 1
64 PSR 60 0.01 1
64 PSR 61 0.01 1
64 PSR 62 0.01 1
64 PSR 63 0.01 1
64 PSR 64 0.01 1
64 PSR 65 0.01 1
64 PSR 66 0.01 1
64 PSR 67 0.01 1
64 PSR 68 0.01 1
64 PSR 69 0.01 1
64 PSR 70 0.01 1
64 PSR 71 0.01 1
64 PSR 72 0.01 1
64 PSR 73 0.01 1
64 PSR 74 0.01 1
64 PSR 75 0.01 1
64 PSR 76 0.01 1
64 PSR 77 0.01 1
64 PSR 78 0.01 1
64 PSR 79 0.01 1
64 PSR 80 0.01 1
64 PSR 81 0.01 1
64 PSR 82 0.01 1
64 PSR 83 0.01 1
64 PSR 84 0.01 1
64 PSR 85 0.01 1
64 PSR 86 0.01 1
64 PSR 87 0.01 1
64 PSR 88 0.01 1
64 PSR 89 0.01 1
64 PSR 90 0.01 1
64 PSR 91 0.01 1
64 PSR 92 0.01 1
64 PSR 93 0.01 1
64 PSR 94 0.01 1
64 PSR 95 0.01 1
64 PSR 96 0.01 1
64 PSR 97 0.01 1
64 PSR 98 0.01 1
64 PSR 99 0.01 1
64 PSR 100 0.01 1
